10
23 90 230
73 84 19 89 98 8 17 38 51 68 52 78 84 73 87 71 50 56 62 25 8 37 55
21 74 979
74 34 59 13 43 29 54 20 43 17 58 42 37 81 74 54 22 17 40 63 31
22 11 105
26 27 35 23 19 30 31 48 47 87 74 57 21 38 53 63 14 12 75 17 16 44
24 10 503
35 95 81 82 92 98 9 20 57 9 33 73 58 96 76 47 58 59 72 69 39 96 13 62
20 23 895
94 80 96 99 80 23 10 68 2 97 61 62 57 90 100 22 36 21 7 42
24 92 372
87 96 26 2 42 80 79 49 73 91 62 69 76 32 34 81 89 74 91 51 91 90 64 82
24 64 706
55 35 86 83 7 5 63 88 49 78 49 9 18 45 100 91 55 45 5 2 31 65 40 70
21 10 1341
18 51 94 50 70 61 57 93 59 57 79 97 58 80 99 36 72 58 9 61 72
20 41 849
40 33 84 41 61 22 38 85 86 62 85 76 17 12 38 52 96 37 46 17
24 4 224
94 69 36 27 78 97 82 14 4 68 15 87 3 9 2 58 60 41 57 98 44 69 76 66
