20
50 398 6039
394 134 134 62 125 173 267 265 40 131 140 21 161 76 158 164 65 260 313 82 44 80 145 313 235 301 137 167 325 70 14 208 423 282 252 105 465 65 249 263 376 295 49 385 139 397 432 233 223 427
50 62 8826
233 468 284 195 110 46 327 252 271 29 398 318 467 19 61 317 418 212 484 473 174 70 373 107 8 155 194 414 84 120 224 235 211 171 125 405 394 76 331 262 337 226 323 20 452 288 174 321 476 351
50 430 11765
448 492 110 499 351 191 410 408 201 144 454 192 402 47 413 66 116 448 464 486 71 132 218 208 186 169 494 287 423 122 191 225 42 395 176 76 94 367 91 70 93 77 392 435 429 178 9 76 58 87
50 198 3461
49 500 206 141 256 455 142 141 215 307 215 53 128 439 141 81 449 122 61 410 63 46 266 357 334 211 93 88 119 428 251 197 325 375 224 460 114 287 423 184 192 88 392 483 81 360 124 453 85 483
50 223 13128
272 418 15 356 353 184 176 291 402 441 225 343 45 420 172 482 88 128 388 364 41 397 159 81 336 167 261 390 16 453 165 328 306 423 59 406 15 283 376 18 386 148 384 223 478 51 17 399 220 356
50 444 12701
280 443 69 58 115 467 364 470 39 390 325 390 8 374 245 109 186 415 361 230 96 116 153 157 218 472 326 104 64 455 246 400 252 417 462 154 239 242 174 152 295 66 225 385 78 57 305 269 382 402
50 474 1595
237 28 56 315 248 75 492 452 460 343 243 239 399 158 348 166 462 80 361 243 279 127 362 97 303 473 86 57 417 117 209 365 485 328 469 24 413 354 214 192 350 450 10 99 342 412 55 11 149 466
50 121 6131
194 431 219 321 257 350 165 324 398 386 47 253 492 182 235 405 212 66 71 89 92 7 376 347 169 38 341 94 347 474 427 392 419 34 388 425 357 339 389 6 151 289 120 5 487 63 479 273 298 386
50 263 8654
233 38 418 86 107 83 473 165 259 300 103 467 335 112 413 351 399 461 172 408 262 244 185 29 470 340 158 262 225 341 247 483 435 187 244 80 354 436 84 276 406 403 275 22 469 194 43 269 436 81
50 475 14602
25 358 455 419 80 226 105 258 137 284 180 114 132 253 465 321 220 430 256 453 471 370 187 360 320 239 221 52 446 475 31 208 49 464 337 475 418 347 420 107 151 156 21 105 379 40 334 487 115 221
50 2 15696
318 301 386 307 297 417 333 388 487 263 396 2 266 251 465 477 32 402 16 317 256 400 8 357 388 367 1 291 468 450 415 409 493 312 416 413 350 363 297 4 389 485 401 64 288 128 456 264 312 328
50 182 9572
137 199 313 101 330 69 489 260 307 268 98 443 296 14 273 402 264 467 17 441 455 328 395 359 180 365 167 220 110 183 80 394 419 323 200 446 467 181 224 377 115 344 316 207 123 260 67 238 387 78
50 395 7340
421 227 17 371 338 25 416 2 2 404 340 355 464 27 261 423 112 102 14 449 374 348 290 88 290 3 103 366 30 224 185 412 155 273 75 427 311 42 394 274 258 81 48 262 238 328 52 326 451 106
50 211 6592
116 291 455 380 83 237 356 90 147 324 100 361 250 199 91 209 27 217 454 180 49 100 24 469 450 35 149 131 72 286 119 176 165 447 210 381 240 222 141 119 421 21 5 169 395 356 196 283 133 293
50 78 12357
186 423 461 197 220 308 76 455 184 169 255 408 483 343 291 28 157 113 475 418 375 356 163 197 242 421 238 90 424 192 42 27 319 78 189 28 138 51 61 486 208 220 357 299 333 297 360 171 147 120
50 142 3691
34 255 482 233 266 96 65 89 42 429 157 481 498 313 108 156 368 10 432 208 405 276 268 244 283 484 394 210 282 446 39 183 257 169 46 472 204 292 279 214 371 38 306 141 308 423 17 311 170 174
50 314 2493
104 165 438 267 207 71 170 134 345 60 350 282 469 328 237 393 246 146 31 273 33 330 285 31 329 363 450 453 457 23 397 313 298 351 322 84 260 73 150 34 275 225 224 178 348 367 232 51 406 276
50 251 8162
250 420 465 125 9 160 319 493 150 35 243 86 21 79 86 289 69 229 286 394 102 106 423 486 481 57 247 68 45 175 455 347 200 381 309 229 457 419 71 159 85 162 44 349 454 497 135 352 120 28
50 7 17577
419 399 288 496 334 12 490 427 440 6 490 445 451 337 259 48 375 451 449 397 474 421 262 473 192 24 499 488 387 271 491 341 464 433 277 421 303 469 297 345 96 315 375 374 477 293 253 264 384 394
50 476 12959
124 314 16 406 26 436 319 322 311 428 398 439 105 214 193 21 236 356 348 355 73 1 291 134 249 157 98 280 118 438 22 348 476 301 97 46 145 421 289 26 298 443 12 128 175 471 89 439 254 239
