10
100 268 25334
109 180 362 74 241 57 11 266 340 94 130 445 182 61 92 430 385 194 139 7 29 453 356 349 421 268 385 485 87 474 342 184 369 386 384 7 276 86 163 479 292 427 102 467 293 390 170 143 446 106 276 32 275 139 260 341 92 323 51 163 218 156 309 156 134 52 316 150 337 198 110 378 256 260 479 190 242 429 106 143 297 408 179 263 444 309 186 324 283 465 438 372 406 15 483 57 292 111 366 179
100 157 17944
226 287 142 15 479 368 446 302 280 253 67 177 206 283 18 123 265 28 173 150 406 460 409 464 51 189 194 120 129 431 167 108 386 253 69 156 99 246 186 488 372 132 231 103 68 268 131 168 126 219 258 263 384 442 191 76 419 7 390 337 4 93 469 277 429 309 90 246 432 107 377 281 298 316 407 396 187 35 363 232 116 153 174 461 431 234 74 444 113 99 242 201 25 472 370 393 271 244 262 260
100 75 27459
90 495 434 126 358 385 236 461 406 363 497 417 437 441 374 429 156 328 301 136 308 406 261 385 261 334 448 376 400 286 87 317 414 327 403 238 487 152 333 356 101 270 204 426 433 355 71 338 424 94 317 174 362 130 87 273 304 166 101 369 458 169 295 369 143 25 283 316 92 115 74 478 172 348 387 416 10 476 135 136 491 181 263 67 343 74 315 128 111 65 65 140 324 488 298 467 145 316 153 46
100 296 10543
340 305 146 294 231 448 70 453 152 214 414 283 499 132 66 181 295 107 425 412 25 5 352 104 346 216 149 296 368 342 416 234 231 417 230 246 15 327 265 177 151 115 448 360 481 295 388 436 453 39 237 91 320 479 1 38 273 363 229 383 416 25 279 117 8 492 14 85 398 87 358 243 191 224 448 1 434 354 168 290 1 158 110 158 336 459 211 260 358 378 498 155 180 32 314 225 7 203 98 61
100 383 20054
363 464 300 330 258 123 9 253 119 138 256 356 3 144 298 108 376 56 338 81 40 131 402 259 438 155 480 99 1 237 297 173 113 282 377 176 283 465 146 264 105 408 292 13 39 24 119 123 175 167 479 364 177 338 55 134 243 381 4 475 494 426 403 366 112 292 309 324 16 453 333 182 382 225 23 193 489 304 217 168 189 218 429 393 102 158 77 212 104 209 127 172 28 5 84 147 370 461 429 290
100 4 16968
24 57 377 293 99 439 429 151 184 277 334 328 362 348 357 287 203 66 491 374 414 206 374 199 66 334 256 35 153 154 445 235 17 245 455 484 397 208 380 464 170 402 10 295 430 52 269 475 365 101 399 145 130 46 56 315 423 160 232 410 357 404 214 280 289 191 171 435 362 205 218 41 239 61 307 477 463 459 29 50 326 85 66 171 499 160 304 84 179 256 244 3 17 439 314 20 491 498 102 383
100 252 25572
362 171 77 98 251 209 109 88 441 126 106 117 419 86 3 76 218 406 487 486 239 278 139 368 163 121 478 188 374 170 72 120 390 106 429 413 259 331 193 358 28 490 491 20 149 328 452 10 221 368 477 342 380 345 469 164 145 126 273 374 6 294 480 51 186 313 30 388 448 370 415 359 491 160 150 427 307 189 410 76 67 358 106 226 467 194 295 17 46 475 440 335 384 358 349 243 188 136 95 188
100 246 26854
46 218 110 138 337 300 289 327 486 12 351 128 208 370 402 287 232 59 168 272 100 313 155 455 428 252 190 408 82 58 98 306 194 379 373 323 474 239 285 438 452 180 379 467 103 296 69 209 400 61 131 385 422 2 412 181 184 19 445 346 230 93 234 246 388 442 293 233 128 47 185 427 316 369 47 446 257 196 456 444 298 195 127 226 345 57 384 401 348 184 266 434 268 444 12 73 57 390 248 258
100 475 15547
106 489 475 193 436 498 5 54 397 281 229 225 347 185 217 220 376 490 424 77 294 12 64 361 326 157 343 155 263 81 333 121 308 104 70 475 266 474 490 198 62 87 396 395 1 235 248 232 357 90 211 281 418 164 483 339 201 373 175 301 468 308 245 55 126 97 20 222 223 473 410 96 50 350 339 305 28 345 453 200 460 460 134 85 477 344 236 329 467 28 146 348 132 366 132 397 317 26 390 316
100 17 70
277 74 41 363 170 440 34 129 330 113 359 323 74 263 246 18 213 434 350 219 350 329 243 114 45 327 435 435 330 330 180 486 54 414 180 383 102 276 492 290 397 132 236 110 348 128 83 179 36 132 80 221 488 296 152 307 399 331 258 451 127 81 126 322 368 72 376 67 176 179 156 422 20 183 72 315 252 149 196 379 294 349 189 256 172 259 204 33 92 345 218 432 438 277 464 92 380 227 465 62
