10
100 292 13454
256 644 72 347 699 526 492 168 71 471 321 890 902 25 357 576 969 553 834 569 614 927 461 727 291 684 664 143 378 659 912 408 115 47 439 592 934 42 875 427 148 206 32 697 429 128 958 862 54 367 388 623 343 988 351 613 135 796 467 536 465 905 836 120 110 723 496 693 883 288 964 862 150 234 946 772 622 9 261 188 968 221 214 358 563 532 549 723 735 612 565 687 435 249 976 229 512 661 494 888
100 429 33173
718 516 299 23 901 783 168 683 860 726 743 641 433 344 628 469 382 85 543 533 861 586 731 847 446 720 970 428 99 590 321 358 830 672 983 324 444 726 683 269 630 961 676 624 185 939 820 69 757 802 373 684 247 660 948 219 794 135 38 84 679 395 953 791 779 962 751 452 724 424 227 516 659 651 105 565 40 704 375 395 903 215 202 760 129 460 311 217 558 257 16 955 957 692 744 147 436 926 649 91
100 392 52955
400 35 485 896 747 976 8 375 957 138 974 397 432 290 111 906 297 698 46 316 977 958 909 300 572 433 341 952 682 578 771 84 860 39 776 752 828 542 955 227 159 281 647 627 701 366 317 892 164 520 914 761 311 497 413 328 700 198 945 977 788 324 610 723 821 234 353 549 140 145 803 248 453 888 592 392 635 331 309 492 136 967 741 609 120 806 366 404 944 957 483 851 162 421 143 750 305 89 436 305
100 492 42036
514 585 24 853 964 918 593 43 607 708 877 854 298 734 759 706 119 901 460 250 221 62 388 873 335 278 89 355 822 35 440 503 622 342 346 461 967 944 102 598 471 285 718 703 898 491 804 433 149 470 701 711 999 456 225 198 644 937 63 760 281 127 831 780 262 281 583 491 492 989 620 167 319 479 932 690 963 832 369 276 938 43 147 388 626 707 50 72 587 669 634 694 664 402 284 598 138 442 389 994
100 401 48680
848 401 369 741 578 879 26 312 207 244 434 737 848 64 509 401 989 755 75 976 297 673 665 453 372 456 367 530 690 454 438 79 206 345 136 280 825 428 296 766 942 702 477 269 34 535 461 972 848 240 733 424 895 630 459 428 601 251 55 728 439 802 319 557 209 500 396 529 323 249 96 668 54 865 542 944 703 324 55 416 545 381 394 401 164 381 137 939 685 244 704 61 954 127 512 735 93 545 881 573
100 35 50755
206 227 716 592 655 973 783 100 328 432 139 425 214 301 898 676 912 960 222 519 851 610 454 419 434 743 485 529 792 908 409 922 783 737 291 490 153 810 939 35 114 246 940 196 649 750 672 232 332 634 555 155 965 262 110 265 547 348 812 878 711 319 42 313 13 252 712 46 729 709 549 236 939 929 825 687 244 175 94 916 477 954 340 810 659 331 442 965 789 498 320 100 142 259 740 576 107 94 738 205
100 484 51256
225 312 466 916 511 390 781 463 783 566 527 590 605 274 559 144 501 126 462 572 288 286 657 979 806 862 783 824 513 528 127 217 516 165 87 124 734 218 907 507 683 413 607 363 808 772 84 803 38 642 237 211 534 666 626 983 488 376 654 318 912 704 587 902 492 374 372 34 192 631 868 107 1 814 669 671 677 110 51 266 868 384 493 484 977 28 513 820 829 737 79 392 907 251 411 608 484 587 614 665
100 785 41488
351 420 519 152 640 345 84 792 1000 806 337 304 94 146 442 731 583 541 167 869 565 712 923 752 843 424 175 359 319 588 288 298 669 947 685 831 468 700 17 252 181 245 238 535 732 242 433 823 315 18 983 313 984 407 925 229 878 750 752 288 585 173 891 352 57 762 784 354 398 661 381 899 297 717 386 601 849 77 269 60 234 993 861 811 400 823 200 521 150 812 105 538 823 276 319 404 931 666 971 95
100 647 41464
455 142 531 524 580 908 449 314 6 185 405 971 649 252 114 103 928 195 383 326 86 133 827 505 914 572 315 750 732 248 561 570 155 500 160 744 885 684 46 525 80 908 663 154 108 454 973 395 646 177 198 414 631 185 360 542 127 646 784 886 434 91 552 999 355 752 907 840 617 473 966 160 104 13 218 391 744 96 323 897 285 538 615 299 324 114 749 159 341 146 490 120 619 854 78 838 493 641 428 830
100 967 59410
944 81 339 345 360 585 535 798 12 413 485 532 876 985 938 122 587 783 491 772 311 967 336 609 964 304 852 973 505 304 664 804 17 214 714 213 325 889 95 430 676 59 478 535 891 711 740 873 858 835 173 788 643 674 424 690 502 662 450 470 961 439 988 867 600 382 184 519 740 485 326 819 738 20 263 258 960 663 146 982 428 971 553 601 984 372 769 911 914 939 982 946 460 517 960 518 938 265 452 18
