5
200 753 92903
959 585 453 114 67 581 714 495 967 403 341 624 613 425 973 968 970 608 160 880 406 755 942 991 255 684 193 887 780 650 488 635 229 576 791 240 595 96 958 485 136 813 668 978 520 7 209 274 792 895 870 908 954 558 306 67 329 78 446 791 363 433 998 436 96 744 993 983 869 400 842 752 676 986 984 762 676 959 850 452 621 86 966 175 510 231 645 504 954 91 128 79 997 380 1 83 120 29 423 660 644 341 788 133 705 366 33 234 191 471 300 582 396 23 470 446 857 136 796 911 746 802 140 550 85 320 388 703 29 26 521 679 230 50 63 183 297 778 816 643 699 590 278 457 432 282 309 695 938 574 404 41 380 946 865 617 406 27 476 21 945 808 452 131 944 366 725 915 262 561 111 103 466 951 216 426 379 647 362 595 234 863 308 836 777 572 475 888 445 950 275 77 347 871 14 457 658 59 634 581
200 547 40310
438 285 619 966 546 763 287 717 783 189 325 283 2 613 545 331 781 406 404 654 19 565 173 484 398 568 355 363 443 401 651 49 76 396 919 15 212 267 588 326 666 315 131 503 37 397 353 723 147 503 214 36 595 980 935 161 348 455 747 914 850 701 703 389 106 78 461 343 177 610 302 371 158 471 494 695 626 299 741 592 428 586 197 933 123 918 989 830 189 743 999 627 402 787 771 384 517 422 139 94 549 976 177 410 543 639 590 588 399 545 499 285 478 401 247 304 403 198 861 869 63 677 321 423 441 974 685 638 812 848 435 135 101 517 482 148 582 513 110 45 15 32 381 862 676 501 431 5 582 450 70 518 460 890 885 742 673 545 197 441 245 228 189 804 49 840 925 53 647 739 284 169 521 638 388 427 85 190 103 550 695 164 343 182 60 561 291 562 919 539 655 23 543 337 922 312 648 891 591 167
200 133 61009
555 260 149 972 77 481 132 629 194 996 12 660 702 424 68 773 147 261 53 430 466 364 979 719 879 695 460 682 689 507 219 286 746 251 289 472 178 862 975 642 170 885 273 734 974 15 977 184 95 72 895 782 731 922 78 863 695 607 933 552 461 455 314 183 560 716 136 469 630 106 62 869 732 589 297 681 407 314 414 263 449 900 394 11 734 338 763 288 253 718 746 247 202 775 321 621 299 950 798 586 684 433 501 501 43 215 786 800 641 409 309 678 722 330 877 596 659 999 429 39 883 49 374 887 286 54 569 160 2 214 345 69 851 465 308 474 363 118 788 420 476 679 403 735 801 860 339 884 969 146 36 50 873 351 576 103 772 803 680 255 294 272 92 10 723 587 896 878 633 693 27 889 469 705 631 294 115 263 691 824 318 21 901 702 841 776 287 688 260 556 544 971 594 228 508 231 954 65 145 850
200 225 7817
26 77 981 672 92 405 903 983 63 636 291 703 827 398 282 341 267 88 496 994 965 137 731 55 115 752 277 886 330 12 864 952 487 384 951 224 763 279 726 833 977 212 771 460 572 276 92 818 964 530 680 695 549 628 328 603 423 364 697 595 611 652 989 596 750 649 498 348 290 313 126 587 655 584 334 788 470 257 345 819 332 203 148 924 571 580 831 833 309 608 58 146 725 586 834 98 450 560 399 728 580 509 541 97 887 355 574 361 932 519 364 869 231 802 855 770 372 624 618 867 2 519 37 970 9 277 567 88 880 595 574 121 51 277 100 726 771 59 759 253 378 55 992 185 265 377 600 55 252 151 199 318 775 206 53 337 778 42 851 798 901 717 794 66 813 751 340 202 720 806 408 982 494 264 828 194 634 997 706 829 476 691 620 41 2 504 240 282 843 955 208 996 482 100 304 607 406 754 443 440
200 690 12149
300 493 604 195 766 975 40 44 869 624 904 916 785 148 854 451 418 925 40 775 165 367 647 251 899 965 724 919 753 424 976 144 47 565 592 98 50 967 790 917 512 650 527 122 663 69 984 380 644 661 998 713 597 509 638 973 824 945 889 870 687 461 270 837 939 405 689 257 862 54 102 467 101 455 539 83 562 876 537 982 573 856 814 918 946 422 358 841 112 261 82 179 976 310 974 851 756 324 982 174 341 701 371 701 860 931 947 994 90 772 370 165 193 655 285 742 497 804 932 673 48 455 529 857 878 86 332 19 813 303 77 474 664 868 699 517 772 466 540 152 720 490 119 626 760 579 657 715 566 436 424 740 43 257 521 622 310 456 606 403 452 529 946 394 655 613 196 205 163 793 379 650 701 232 77 334 833 391 183 677 779 256 36 85 2 335 373 745 24 707 712 146 277 23 671 892 548 203 792 573
