2000 1004
640 1524 2528 5017
2781 3272 1972 1677
1881 3340 2929 4929
1844 1069 5025 4179
4474 2852 2511 4600
905 809 5587 6073
412 511 6198 2725
1251 1126 8392 3228
1602 989 5035 2014
2366 1691 3821 5571
3295 4647 2961 4167
3469 3218 4206 1744
748 569 3928 4448
3444 2162 128 205
1749 2946 3898 5245
366 533 6137 2581
3184 3527 23 13
3193 2160 3557 1528
492 958 3179 4827
2796 1022 4895 2137
2484 2884 2484 6365
4256 3606 3415 4203
4631 2796 2828 6343
4629 2719 1651 2877
1459 2467 3154 4255
1641 4357 3694 4167
2341 1711 3395 3590
3151 1477 2867 5900
2847 4116 1348 1883
2333 932 4297 1548
1461 2878 2785 2319
4109 5484 2196 3627
4386 3535 2615 5758
863 1622 3574 3877
1352 765 4690 3363
1641 1470 2197 5824
507 217 5824 2589
1156 2312 5664 2830
2404 5852 3918 1555
2193 1700 1465 4031
3346 1957 1924 2690
1746 4404 1486 3400
1852 2699 3244 5212
285 364 7809 4329
3793 5921 4002 2022
2898 1840 3563 5909
4203 1877 4506 4759
4945 2078 4006 3397
5426 1924 3488 2192
1975 1850 3138 5619
849 1087 2225 5886
2977 1001 1796 3900
2698 1860 4700 3058
2141 5116 54 140
2997 1727 3212 1998
2029 5409 2412 6400
2966 5578 4587 2803
1187 748 2438 6726
5743 3959 450 1073
1700 4945 3282 2727
1045 396 4060 3168
2087 3868 2186 4043
2409 4919 4334 4546
6345 2580 3577 1453
3373 4212 3287 5085
239 518 4017 2817
2033 693 6854 2470
4000 3243 2570 1228
5896 3318 759 664
3712 2200 2019 854
1823 3518 2851 5542
2320 2689 5366 1793
1342 2726 4012 1604
2168 2327 3816 3261
2076 2445 6001 3540
2942 1183 2640 7409
4322 3122 1258 1808
2118 1176 3535 6707
804 1257 5808 6318
740 2223 4681 3359
1246 477 6576 2702
1017 684 3065 4172
2938 2484 5367 1900
4889 3711 5600 2566
2513 3497 3209 1694
389 140 8610 5004
2332 4377 328 597
2570 1542 1508 3915
2614 2330 5721 3437
4089 1916 2610 5420
4163 1977 2715 4820
995 1890 3475 5646
1171 2151 5539 3518
2589 1857 1961 3007
3766 5652 3083 1107
5561 3007 681 278
5414 3139 337 268
2346 897 2151 3950
4302 2889 553 914
851 558 4921 5191
3776 6070 3024 3973
3361 5994 780 690
1924 2611 2648 3705
1511 2492 2122 3402
1071 817 5844 5433
303 636 3957 9129
2209 4930 666 1934
3986 2975 2987 3955
3361 5703 2959 4906
1032 1898 6052 3243
5350 4052 2260 4698
6485 3482 3528 2095
1583 1581 3487 6116
1330 2647 1921 5064
3225 4928 2624 6104
1423 2530 5576 3959
3052 1072 2025 3351
476 751 6425 5214
1563 3336 3055 2765
2683 1604 2661 4917
5754 2613 337 524
2016 4852 2591 3647
541 690 3698 8232
2255 5211 173 155
3955 5625 1724 1161
1820 971 5963 3471
2309 3450 481 1387
5900 2840 2111 4021
2597 6610 2115 2722
3845 3470 2631 1076
680 321 2767 7647
3718 6068 5545 3211
2477 4065 2551 2253
3895 4518 3582 1206
326 870 5058 5181
6904 2380 4935 3804
179 388 7191 2725
1933 4973 3430 2496
403 273 3173 5525
1389 1780 3555 3488
718 992 6684 3657
1367 1424 3396 5715
5393 2551 4885 3626
3828 2887 857 508
1759 1842 4397 3048
448 316 2885 5147
5070 3139 2255 4909
295 248 7445 3653
5369 3948 3353 1250
930 988 5507 2372
4183 5389 3561 4017
4191 2591 4455 3584
832 1239 3127 5910
4338 3755 119 324
5373 2117 2555 2438
575 1390 5462 2587
2755 4907 2431 2073
5144 3587 6351 2501
4485 2375 2254 3005
1242 675 6244 2475
200 485 6378 6997
758 1444 4862 2197
967 750 3581 8218
3571 3978 4676 4086
904 306 2784 4913
2060 5329 1485 1937
2943 5077 2300 5439
1637 3279 2434 5588
2619 1000 2215 5288
4094 3899 3482 2004
1264 3644 5968 3093
7117 2605 3678 2484
2431 3923 1370 3164
4976 4262 3856 4099
2227 2494 3496 2559
1269 2171 5106 1768
5055 2371 525 1082
338 267 8452 3094
2955 2906 3302 5424
981 1285 5565 4266
929 1205 8076 2749
956 2284 4734 2870
865 1428 5243 5153
4920 4234 1637 1898
2612 1721 3536 3554
3055 4587 4164 3708
2945 6110 3504 5375
1294 1067 4452 6749
1570 1692 6364 2193
4060 3191 5906 2756
3048 5047 1451 2450
4492 1869 21 35
2626 2205 1775 5096
446 431 7094 4275
4994 1731 1048 560
810 1129 1788 4423
5684 2385 2226 3950
4036 3665 970 2630
5322 2328 5854 2073
424 448 5043 4258
1555 874 4644 4251
1686 1499 6052 3203
2805 5865 2004 1182
1346 3623 2362 3268
1911 1103 4559 1578
296 348 5251 4085
1480 638 5029 6418
2900 4215 507 831
954 1079 3952 4660
2020 4111 1977 3148
3439 3977 4922 2186
5427 4112 3336 4775
413 953 6474 3277
625 1706 5111 6059
408 939 4563 4735
707 1221 2368 4773
2711 4473 792 1471
5751 2197 2934 3742
946 377 2636 7245
3392 4056 2813 6034
5807 3388 4640 3789
4012 2557 1566 3647
735 915 2901 5362
5043 4951 3114 3062
1766 4194 3339 2310
1044 2082 4813 2760
5148 4779 4246 3780
3662 2442 485 1290
1152 1363 2338 4314
1557 1179 4920 5502
3253 4499 3314 2169
5651 3947 1020 1759
4081 5423 985 671
3555 5600 2352 5399
1454 1134 5646 4191
4627 2738 3166 4998
3780 1898 1199 453
3995 4938 641 706
1726 1141 4036 4663
377 405 4387 2846
2712 1271 5373 3890
775 798 3830 4837
3332 3513 1868 1887
4288 4365 2327 1140
2596 1999 4857 2539
888 1335 2557 7324
1029 792 6019 6443
995 1930 3913 5780
197 491 3765 9009
490 298 3770 9717
777 429 7123 5815
5181 3038 4840 1913
6022 2446 581 486
4125 5689 1515 1421
1189 1397 3856 4070
3233 5451 3489 3606
3271 2346 1682 1713
1874 2072 4719 4817
2481 2204 2248 2715
856 559 2239 5910
6468 3070 2478 2581
874 2275 2955 4445
337 661 4145 4009
912 1585 6364 4160
2119 1523 3320 6714
945 701 4799 5765
1832 3729 765 271
3743 3660 1292 671
552 1152 5269 3530
6860 2831 2891 1549
1922 1081 4809 2929
949 1254 2853 3354
2169 992 2212 6075
1646 2116 5435 2707
4891 2419 2920 2623
1547 1897 4217 4087
607 622 4395 3931
1388 2673 1694 4952
1906 2354 5811 2171
442 750 5728 3860
6287 2438 3705 1783
1996 3085 2205 2864
3876 5365 2700 6433
3345 4300 1079 2478
3251 6103 1593 1724
3379 6144 628 919
250 366 4262 3085
577 608 4139 2836
1917 843 4945 3674
3524 2033 96 241
674 429 4180 7952
2204 1014 2976 4729
4018 1820 2751 1811
681 2012 4174 5456
1482 2897 1751 3411
722 454 5236 3935
2273 1336 3074 4628
2056 2390 2902 2436
2752 7040 866 1206
863 728 2767 4729
2839 1191 2518 6553
1101 2127 2082 5470
867 1962 2091 3671
478 782 5747 5265
2504 7006 1929 1014
2252 4330 2246 780
404 527 4923 7615
1849 830 1977 4783
2049 1850 3005 2249
2172 2667 3140 3115
1601 3528 2624 6467
541 1543 5147 6181
1039 2159 5322 2994
4119 3754 501 416
6617 3212 1606 1331
5958 3911 4 1
1313 1644 3628 3836
2455 2745 2933 3508
3723 4570 2441 4004
4670 4615 21 6
2873 6560 1823 5255
5609 2583 3395 3748
930 314 5730 5460
5395 3817 1877 3925
1455 826 6983 2848
2636 2702 423 250
823 629 5711 6740
5452 3641 1659 3990
2600 6958 1107 456
4991 2346 2892 3073
2681 6264 572 295
348 325 3510 3349
5016 2530 4037 5036
3052 4316 1858 3539
937 2159 2718 5106
1945 3519 3615 2715
2733 981 2341 4964
2351 2667 618 898
2975 3174 2389 934
5461 3532 361 715
4714 3903 5195 2155
3548 3120 2364 2024
5531 3800 899 2644
5630 2064 294 809
5449 3765 752 915
428 160 7013 3052
2812 3351 42 43
776 1261 5773 4564
2634 4582 2935 2166
3038 3482 2568 2987
1260 2908 3915 2775
2579 4176 1935 1244
2990 2690 827 392
7048 2488 161 96
365 254 7284 5939
1917 2890 4316 4003
2808 6538 1366 2348
4573 3936 417 481
2326 1043 5027 3278
3481 4778 2557 5945
665 700 5025 2168
718 561 3117 5319
1854 5031 2359 6054
290 470 5917 2238
2218 1474 5273 2696
3957 1902 5974 2904
3407 1572 2708 5996
4931 3532 3961 4321
2878 1055 2617 4518
2820 2638 3242 2315
4338 4065 3141 5044
492 458 7761 4421
5460 4240 474 225
1578 1229 3423 2728
1449 2789 3098 2543
331 403 4339 6246
3238 2054 172 415
931 1859 3075 2695
1175 1356 5156 5638
5316 3651 115 157
333 662 2154 5681
811 606 2721 5477
1111 2055 4604 5736
4325 2370 2442 1969
6648 2402 877 1457
2212 1465 1521 4521
3764 5331 976 1098
3230 1655 1889 5285
956 1114 4009 4232
4748 1771 529 1148
2240 3473 2886 2888
1453 2460 6187 3812
2381 5866 2845 4911
2159 5474 246 379
924 375 4966 6648
2294 949 2330 4946
1178 1910 2648 3819
4326 1694 4304 3313
3009 4686 2149 2349
1581 2813 3059 2156
1256 3064 4324 5547
317 572 4540 6092
4269 4836 111 322
1651 4286 37 51
6217 2219 3903 3901
2516 5482 722 796
4404 4209 1892 737
409 309 2184 4849
4770 1800 1426 2578
4948 3534 2873 3914
1478 1004 4994 1733
752 2015 5508 4378
5096 3045 4450 1776
628 469 7059 2556
2178 2737 2186 2540
5809 2630 1451 4028
5871 2652 5138 3023
4216 4712 235 85
222 294 4578 4419
3408 5141 2767 3631
1149 1381 3992 6808
1212 1353 1681 4855
5407 3382 1631 3486
3755 2329 1387 862
826 1586 5052 3434
5179 2240 3537 3733
4722 1804 912 1453
822 2344 4064 4359
4130 5387 1169 1599
2657 1632 3282 2346
2696 4322 2383 2554
2989 2510 2563 2174
4871 1989 6532 2288
3085 5918 2356 5100
444 212 6354 4992
1789 730 5031 3315
6081 3476 2141 5792
1433 1483 3413 3250
5374 4334 1445 987
2311 3435 2096 1303
4812 2750 2095 1103
2085 5544 4303 2774
2269 5705 3928 1518
3517 5235 5075 2544
3610 1410 2571 3316
4073 4422 1931 5316
1966 1081 4708 2174
2497 2158 5550 2933
4276 5421 1359 1589
1692 1798 3622 3915
3289 2494 3604 3511
3811 2710 2369 5003
1248 3028 1986 5934
2961 3781 2167 1670
2432 1903 4727 2608
3575 5966 5326 2817
5234 4391 1722 2704
2355 2596 3236 5055
3979 5740 235 641
2129 1481 2880 5479
1940 1272 2236 4574
2978 1512 2479 3063
3030 6411 2592 2248
1702 1565 2867 2845
2218 6525 1604 3800
133 393 7408 3360
1899 2487 3470 5366
2352 6043 1940 2759
1166 1388 6513 2687
2554 3368 461 1283
6722 3238 548 183
452 304 3663 6046
3884 2581 447 225
3093 6475 887 549
3222 3301 2216 3153
380 924 5094 7286
5633 4038 3275 2512
4005 4584 48 77
2148 4987 275 166
271 669 4771 7448
4524 4028 4243 3455
4787 3851 408 596
4011 5073 2013 3317
4418 5400 3845 4560
1050 826 4113 7124
4087 3233 1761 3877
2273 3555 2800 1584
4267 4177 816 448
3746 1692 242 416
2783 2209 3359 4954
786 648 4418 3217
3301 4645 2388 4527
1210 2414 3000 2422
370 924 4584 2664
4578 3930 4274 3406
4500 2957 3202 3142
896 934 1938 4429
229 277 3914 9404
1222 2081 2391 3500
2148 2168 3519 4063
1192 425 3144 9218
2287 3438 2378 6853
2933 5571 1992 1464
1545 519 3236 4649
2432 1491 3526 6021
4375 2122 1154 2055
4376 1903 1708 4173
4140 2438 4732 3498
2840 2924 3847 3395
2839 3375 4315 3549
2104 2815 1470 3350
6018 3794 5726 3184
3465 1274 3191 5312
1962 4218 1703 1618
2979 5836 2423 3275
3963 5578 3108 1640
3188 2403 242 234
5103 3869 1023 872
1158 2663 2647 6319
2877 1153 2495 3319
1567 810 3466 3760
896 1410 5846 2895
1670 637 7036 3070
5465 1887 162 307
3122 2293 2719 2389
1109 634 6458 4876
5347 2497 1439 1898
499 550 4340 5883
1467 1075 3883 4326
1805 726 3132 3501
3465 3827 1619 908
1109 546 3809 7320
2143 1719 4754 5168
6292 3671 3468 1199
2807 4548 1370 868
374 151 6564 5433
831 1931 4348 5310
2350 3113 6264 2820
1154 1970 4989 4106
1500 1378 6073 2141
3766 4832 1875 2109
1149 2228 4621 2348
2606 3200 937 1015
356 259 3635 7809
637 558 7900 5181
2309 3290 1385 2010
2010 1051 5826 3240
4322 2279 5851 3120
447 681 3809 5168
1279 504 4131 6921
5309 2925 2594 6269
1369 3815 271 761
2072 2167 2316 2810
880 1047 1767 5265
4402 3098 1410 2772
5270 2326 280 360
2764 5126 497 1472
3638 3794 773 1397
2516 2359 5579 1968
4012 1749 681 1234
1995 3806 1906 3058
952 1397 5094 5904
5413 1804 4262 1782
2711 2064 2581 3783
4549 2870 4108 1409
2666 1205 5227 1817
2732 1597 5023 3471
2321 5565 3612 2526
2370 2576 6381 2451
2122 1491 3972 4866
2870 2853 3387 5761
505 753 4095 8590
2239 4395 1528 2847
6151 3216 1994 5283
2917 1066 4320 3454
1119 587 5405 3888
6654 2939 1116 1212
1536 3584 1432 1276
2243 3544 486 1337
2267 4725 5045 1794
358 859 2144 5222
2870 5733 995 1547
602 266 9138 3889
1478 2844 1624 4304
3415 2614 677 1088
2906 1365 2639 4032
2794 1340 4028 4056
3360 3246 3388 4839
3876 2085 4185 2569
1414 728 4326 2583
1988 1010 2940 2785
6468 2321 5336 3743
5465 3464 2188 4812
2837 5708 597 1457
2659 4609 4141 3048
6354 2556 4976 2966
2014 2666 3843 4496
308 872 6208 3131
1678 1362 3526 6155
5578 3082 1409 1279
2714 3735 1470 2667
5250 4003 945 672
3496 1441 5278 2829
3554 2960 3667 1712
3510 5469 3769 2639
4169 2260 944 1663
917 2623 4387 2013
3663 2282 3888 1310
3235 2302 4968 4007
4123 3561 822 582
4922 4316 1182 753
4355 1849 1256 443
3780 2800 140 73
2112 1016 2789 4809
2492 1547 4985 4990
1976 3232 2029 5332
2706 4002 1817 3750
1164 3002 2913 5749
5100 2081 1003 1647
6734 2655 3851 4967
1408 1420 4060 2099
750 808 4111 3836
780 695 4123 4496
1110 1589 2208 6332
1547 585 5280 5420
4786 3703 56 99
3494 4202 5331 3970
3632 5987 705 335
447 552 5337 1823
4871 2440 2410 3594
2098 3629 1854 2642
2659 2274 3837 3447
1310 1212 4409 1780
768 422 3131 4157
679 1842 3316 8391
2168 6108 6074 2091
1665 1409 3358 6801
402 263 3301 5855
753 1255 3407 4803
2186 4470 2540 4058
3866 1597 208 105
3205 6517 4179 3324
1897 1445 6738 3672
5630 4260 1440 1076
1076 863 3760 8569
1708 4901 1630 1534
2182 3350 5279 3799
5105 2855 2029 4225
793 381 3957 8070
1461 1995 4780 3286
681 886 3411 6246
6510 3224 423 1242
1098 415 5703 4439
3007 4680 2921 3300
4906 4016 2270 999
2985 5837 1727 3575
3455 2207 307 665
3999 4756 4687 3042
909 1973 3323 5313
1059 1359 3691 4912
712 319 3435 9179
338 662 2676 6517
6701 2401 2745 3046
1280 1907 4651 4856
3014 1279 5144 3562
455 692 5413 7221
2850 7030 253 107
5091 4622 3508 4023
948 1332 5776 3020
1037 2188 4652 3630
884 1422 6064 4105
879 596 4867 3366
395 325 4672 6742
606 1313 5392 2448
2791 1091 4240 1865
3041 6446 2156 3510
2990 2645 1515 1676
3090 3349 2644 1833
562 608 2602 6992
299 340 7457 4700
6677 2231 1903 4986
5918 2880 1609 779
882 391 4672 8172
3960 4404 3638 2232
2365 2509 5411 2550
3779 2311 1683 617
5362 3076 1348 707
2547 2252 4720 2384
1550 3176 3253 5927
3124 3536 3444 4551
1378 2438 7318 2933
1173 936 5812 4567
1097 1051 6945 4311
2660 2104 1450 4160
3957 2464 210 517
2132 6195 1347 754
765 1337 4073 3028
877 1798 6323 3782
657 1717 4023 2793
1657 2868 4204 4727
6514 3060 260 293
3060 1441 3615 1399
2287 2364 2380 5459
545 484 4945 1939
1361 1900 2500 6129
4974 1968 2691 4391
6186 3724 1139 1185
2040 5239 166 110
2909 2735 2119 5331
2486 7190 2158 4677
4852 4726 3519 2347
3465 5445 1825 4071
3501 1793 2838 5130
2612 1836 3102 6527
622 511 8580 3553
2249 1453 4836 2145
5927 3196 6105 3095
261 333 6280 2216
2448 6026 2489 2283
2194 4163 303 875
5293 4501 4123 4393
1554 3981 297 225
4791 2454 5056 2048
3039 6737 3276 2073
2853 1039 3013 3774
852 626 5455 2291
1314 2958 4276 1699
4669 1702 5545 2295
846 1411 3581 5443
2017 3409 1609 3678
799 1644 2946 5841
5819 3584 3170 3736
1875 2847 3528 1606
1948 848 4795 2191
2404 1843 2595 6124
4316 4337 4086 1869
1652 804 2839 3194
1497 789 8349 2960
1000 1753 3812 7547
1771 5075 1974 838
1505 2186 4055 5520
4101 3511 3094 4763
324 377 5878 7052
2536 1773 2449 4516
2716 5315 2640 3891
1151 839 6916 2310
209 493 2739 5223
5605 3151 2932 2196
2715 3690 660 1772
4248 2577 2176 1764
1070 2745 4443 5005
1145 2778 4738 4364
1628 2898 5030 4260
2077 3909 2824 4359
1813 2573 2636 3485
2363 1343 3777 4344
4032 3733 1254 3192
4862 2724 425 228
595 810 5089 3663
273 344 4802 4402
277 379 4349 5053
1414 2091 3394 5788
1985 2054 2509 4626
5960 2749 643 1438
1259 928 3297 3059
4607 4737 4285 3652
1125 531 7166 3155
2362 3733 1978 1178
511 1006 3393 4962
2723 6205 2773 5650
2354 6606 1294 2083
4565 2086 4128 3272
5608 2591 3135 1158
261 255 5477 4772
435 599 4430 8759
1297 1517 2579 4969
2123 5859 2005 2907
1439 817 4864 6366
2307 1746 3680 3325
2750 5500 4924 4091
986 1981 3522 2885
3398 4533 1591 3405
1359 1587 2892 6320
3923 2325 1782 4403
689 995 5007 7225
4288 2397 818 1017
1017 2583 6538 4024
3443 5828 294 247
1864 1654 5221 4049
2116 1516 4074 1945
1792 2810 4161 2255
4009 1354 627 522
3103 2043 1809 2420
5183 4479 2497 2207
1235 3314 5778 3572
1189 2507 4302 3274
1867 4536 3560 2332
2322 842 2889 6561
4422 2841 600 390
5915 2829 2339 5201
1849 1113 3046 8143
1368 866 4460 6542
208 522 4535 7226
2350 2867 4016 1465
808 335 4269 3500
6216 3325 1620 2241
3007 4880 1313 1277
1433 1220 5556 5543
326 508 1917 4884
6521 2933 2929 4522
2183 2606 2592 3305
2068 4952 1390 487
5661 3404 4064 1401
669 257 6584 6511
1583 4223 1937 1387
2405 4998 1015 462
2110 2565 3948 2670
1706 1003 4807 4664
1549 2644 4347 2891
1833 3568 5289 3554
3853 1396 246 186
4465 4067 2888 6298
2631 1321 2468 4926
3012 3222 3951 3479
4600 3214 2337 4131
1891 4883 237 490
1862 2569 1397 3617
6388 2774 716 1113
1504 1315 6450 3322
3167 5324 3027 5262
4804 2546 114 110
6539 2347 889 360
3986 4725 117 200
1409 881 3784 5424
5796 2898 2589 4869
5120 1836 713 1038
5718 2209 1680 562
1161 3049 2476 7146
6326 3608 899 1444
4151 2041 562 497
1843 1001 2182 4632
2806 4999 984 2018
2354 3746 2239 1877
2322 889 3589 4374
5575 3364 387 965
805 1150 7434 2585
610 1219 3710 7022
2924 999 5857 3720
1916 705 6442 3579
1044 1433 3724 5747
1127 2254 3441 3527
2964 1421 3423 4344
1355 866 5778 3811
1548 2687 7227 2478
672 1042 3875 8136
5564 2246 2547 3745
2079 838 4515 5073
2382 4696 1405 1151
4902 5052 570 282
2608 2358 2853 3686
4004 3670 2936 5644
2880 3856 4744 3536
239 684 5847 5961
2293 6748 1412 3656
4152 5198 2281 1458
2341 6974 4184 2568
3908 2349 534 1308
3792 5023 4829 3056
4753 1909 1097 799
2811 3515 1539 3468
4332 4234 1854 1070
599 1433 6871 3502
4495 4428 1439 979
3704 2034 3014 1132
3082 6439 3648 4768
6411 3019 2314 1017
957 1425 6948 3221
996 1764 2787 7006
2352 2316 1910 4404
2368 5261 3239 1680
5372 4038 267 228
5099 4070 4134 4965
1201 759 6212 3950
2396 3013 2905 5422
782 1429 3018 7861
646 1313 5443 2527
1487 2343 3154 2795
1197 2250 5475 4393
3020 4228 135 44
1694 887 3597 7841
1457 529 2489 6339
2013 830 4380 4099
5353 2649 2327 2557
866 1254 2847 5196
3982 4395 2590 1490
1998 3274 1921 1917
4829 3274 4539 2721
1260 3236 1752 4875
2655 7237 3244 4642
3923 2738 481 647
5564 2671 2604 4099
1100 523 4378 2164
4470 1965 4515 1606
2026 974 5131 3518
1544 2140 2676 5535
2928 4072 1848 3635
2288 3953 2885 2500
782 1618 4890 3823
5749 4033 4459 4083
3458 1287 2321 4559
1129 1298 2044 4597
5729 3532 736 1325
1264 3504 5196 2321
4430 5145 3588 1922
2010 2203 7245 2697
2244 3594 5506 2590
275 647 4783 3653
1284 1429 1893 5604
3051 6026 2365 1090
2864 3754 2567 4669
3617 2265 1588 948
2546 4186 723 960
5620 3451 4239 2173
688 1490 2466 5401
938 677 6706 2726
1445 1014 3104 5406
1346 1754 3436 3907
3405 2930 3512 5519
4678 3547 2281 2181
592 742 5166 7396
1323 2194 3327 2809
2591 5826 208 132
2817 7091 2438 5004
1064 1777 6290 2833
3318 1581 4326 2450
5533 3888 34 15
766 822 4741 3865
900 1925 5688 2108
705 919 6211 3193
1290 3257 1664 3513
2825 2358 2411 2534
4186 1654 625 234
2279 5825 3203 1880
2135 2241 3319 6015
1609 2795 2750 5171
3205 3152 1014 1579
1054 2351 7053 2826
1953 797 4149 3659
3334 4261 1042 1694
2496 6811 1690 4067
4585 4928 6433 2272
2625 4106 1310 727
635 1609 3318 6378
5947 2211 1461 4275
2466 3764 152 303
5711 3402 4035 1406
1864 5170 2310 6355
4994 2302 3631 4047
1379 1197 2673 4491
5677 2097 878 747
5118 4267 43 120
2440 3508 2551 5108
679 635 7060 3175
1765 1409 2585 5668
2596 4568 2155 3575
1930 2959 4730 3783
945 321 4271 2340
980 552 4550 3248
1852 2272 3215 4422
1186 2478 2417 5159
4047 5817 2462 5288
2856 2137 2110 1543
1945 3374 622 472
3021 3399 3486 1798
362 257 4021 5131
3340 4381 1093 3243
1023 2601 4870 2138
477 1351 4902 6752
1858 4679 2753 1594
966 360 2872 7831
1545 1885 2264 6574
2013 1396 3134 5019
465 517 4099 8103
3572 2718 2995 3312
2695 3552 695 328
4370 5334 2292 3864
280 801 7182 4687
2578 3412 3569 5423
986 455 5669 6923
348 518 6827 3805
2688 3196 234 118
1548 1539 2441 5845
6168 3544 2088 1553
685 334 3536 5190
6428 2271 4943 3651
2341 2249 3980 4239
3699 5804 3226 1414
2975 1399 3397 3418
2457 1793 3301 3384
814 839 5455 3029
1718 4307 1842 1729
194 415 9561 3201
313 846 3976 3785
6050 2371 3202 4527
2900 5520 2528 3750
3266 1897 1854 3042
3281 6512 3420 4803
1208 2639 4159 3971
5725 3694 5913 1980
448 160 2548 4497
718 406 8947 4103
609 246 5420 6963
1534 876 1985 5107
2933 4016 1915 1769
3937 3572 2677 2512
652 1024 3999 3552
2389 3840 182 113
1705 1014 3523 5335
2048 5549 2547 1398
300 425 4281 8168
488 605 2330 4511
3933 2451 180 109
5909 2915 768 334
5578 2079 6000 2903
3615 1547 6203 2796
4556 1781 2836 4162
2800 4039 4011 2951
1805 1260 4792 4806
4324 5610 1791 5088
3306 5853 4234 2323
5740 3014 4454 4468
6045 2482 1832 2507
1844 2506 5051 3161
823 1357 5603 3171
1466 1445 5304 5109
6835 3036 5430 2695
3102 2732 2653 6337
2781 6060 2536 3165
2218 3930 1825 4175
1298 2117 4732 1618
3600 3715 2006 2258
1000 652 5564 5523
4555 3645 1375 1845
3490 1528 610 1189
4275 1656 2866 3889
4654 4389 2707 3102
2105 4508 3285 1545
2603 1880 3889 2855
4625 4417 3050 4062
1904 884 6920 4452
2914 1557 2399 2566
2800 1880 1473 3668
2411 4900 495 250
2235 3551 352 259
1976 5093 3432 1297
1010 2164 3221 7656
5358 2279 2525 2430
4444 1829 1443 2804
2127 1192 3442 3997
2846 1601 2897 2126
2382 862 6055 3820
2837 5408 3016 2503
2004 762 5880 4042
1420 574 5696 4680
2171 2985 3210 3909
1275 3826 4175 4205
3309 2194 1738 2822
455 709 4172 2681
4965 3340 6046 3021
586 1487 4491 5746
1219 1336 2029 6086
399 337 4457 2337
1856 1858 2958 5474
654 750 3500 5342
2821 6729 3501 3507
1610 707 5070 6783
2833 5012 3303 1893
6179 3360 1286 1659
941 1425 4434 3549
838 1717 4698 2986
1057 2458 2698 4586
1584 1124 2323 4982
1014 2245 4386 1701
3120 1554 4475 1951
1283 2894 2594 2824
7164 2699 4017 1455
2079 3410 5448 3421
5125 4222 167 78
2555 5132 617 306
6215 2415 5371 1884
1408 3518 3387 2331
3637 2711 5440 3172
4763 3327 2158 2920
1984 3471 1353 2012
4281 5088 3593 4819
457 280 2935 4093
2533 5934 2690 1287
454 939 2863 4590
251 299 5545 6640
3962 2829 52 33
1637 2868 1354 3634
2546 5011 3522 2948
5194 1811 3830 3272
2305 1052 3916 6661
1519 977 3396 6545
672 987 5790 6795
3188 3715 5960 3071
2423 6759 3240 5918
1524 4075 1119 946
3714 1334 4148 2326
1857 5133 2812 4286
2511 1132 2584 6175
2555 6487 4864 2820
336 837 4355 4614
485 340 2850 8203
4376 3045 5269 1806
3283 4071 4704 4000
3615 2605 1320 1351
3568 5651 1674 3290
3743 1802 3457 1873
682 591 3219 8334
1623 2936 3168 2028
4944 2433 2112 4930
3651 2747 1457 3754
5393 4434 4082 2233
2072 753 2871 6239
4922 2345 1692 3986
1130 3316 4170 3384
2992 3038 2484 5643
5005 2713 3287 3118
1735 4206 2450 3640
4033 2760 3387 3829
1903 1711 5804 3050
770 289 6723 2942
3750 4367 1376 3065
673 1961 7877 2948
6162 2606 1685 4340
3925 4493 2026 2850
2797 2544 985 1756
3495 1504 1657 806
1077 3050 3997 5009
5609 2262 1607 2208
1343 2227 5347 4484
5103 2586 5283 2096
388 1040 6444 3185
398 1084 4994 3236
2634 7088 983 1385
4951 1927 4439 4092
2014 1572 3031 3144
1848 3032 2241 6480
5313 2487 712 982
685 387 6605 5352
3416 4213 5166 2073
5928 2735 195 116
2978 4522 1782 1092
3391 1225 4877 4075
5114 3772 2479 5775
3814 2625 245 244
1240 888 7785 3311
236 338 8007 3551
662 1352 2106 4643
4501 3023 2644 1935
1396 882 5230 6218
3145 4094 989 1724
2293 1516 6630 3261
1105 597 3187 5514
3393 2864 3667 1527
1861 5041 3942 1620
3611 5834 4814 2149
3146 1262 2993 2515
4113 5469 2238 4563
766 1789 2613 3746
596 210 4001 4645
2399 5223 2090 2150
2246 4357 1330 3412
4346 3246 1324 2615
2468 6905 3861 3247
467 156 3133 8226
2116 3264 715 460
3019 3056 1066 821
1286 1977 4203 3034
4709 2936 3428 2620
5093 4495 1422 2810
3549 4555 1426 3159
2490 1917 6243 2758
420 908 2996 3621
5137 2705 3852 3834
2318 2676 2544 2607
5648 2609 524 513
1083 1197 6447 2506
5125 4282 4507 4186
3869 2500 578 298
5468 2234 2357 6074
1256 3005 3463 5982
2750 2372 828 2042
1258 1150 6034 3709
2851 1281 4995 2213
3386 1391 4874 2602
633 1311 5492 4326
1569 3293 3108 3050
461 710 2737 3904
2594 1548 1933 5103
1337 2375 3832 6677
1281 3036 3471 2498
5860 2809 1121 2358
786 1394 2271 4353
5792 3188 3040 4889
2278 2372 5474 3011
3313 1609 3155 4170
3061 4359 947 1645
2981 1614 3868 2128
4411 2682 3475 2845
3294 1341 2105 3122
2240 1108 5390 2643
2463 4975 557 1486
2232 5042 4189 1573
4116 2935 734 367
4324 2579 1900 2520
3054 1665 4603 1805
5087 2175 3711 1321
2186 750 5098 5152
5487 4361 2680 5025
4636 1718 5945 2409
2516 1487 2316 5161
1266 3580 4485 2701
1638 3047 4749 3108
2573 2737 1946 860
936 2632 6543 3289
3229 2785 2427 2679
5140 3945 1165 1158
2676 4661 2369 2752
1343 3684 4608 4227
707 658 3767 5228
3899 5345 1690 1154
776 676 6012 5563
2392 2961 3557 5633
2566 5700 187 154
1002 1406 2748 3841
755 758 6468 4207
1665 852 4375 4313
4460 2158 1978 4837
2430 2666 4337 1976
5685 4305 3814 1404
643 1798 3864 7311
895 1213 3986 5089
2217 3637 3896 4481
5116 2593 1914 5715
5921 3079 3183 5630
3714 2961 1239 2904
807 1351 6147 4194
2086 2170 4886 1763
5144 1940 1254 777
2193 1107 4404 3734
799 328 5183 2425
2032 1856 4934 1726
2532 906 4249 3190
2396 2163 2652 5331
1429 2478 2639 6604
2420 7012 2477 4729
3932 2369 946 719
2661 3687 2369 6094
2422 1106 5982 2300
448 887 7204 4639
1721 2025 1670 4377
1295 738 5118 2696
3525 1822 3278 1183
616 576 2348 6887
6971 2644 1730 3770
4699 3276 2550 4007
2760 5744 3253 5583
1403 1588 4522 5857
1703 2198 6738 3617
564 444 4735 6809
2107 3256 3299 5887
1638 2705 2462 2860
4163 4698 2005 1072
3010 1457 6804 2863
984 823 3169 3533
2751 2425 2047 4311
2843 1455 1935 4931
3481 4757 537 1528
4877 1667 2928 1862
614 299 3478 4255
4622 1915 1519 3758
197 484 5802 2042
1087 752 6463 2632
1191 1993 2471 4020
4373 3141 1673 676
300 799 4961 3837
774 1604 2749 6687
3735 2920 929 491
1023 2131 2158 4614
3171 5320 3224 4639
4546 3675 4475 4225
384 384 2609 4240
5764 2710 1534 4533
340 715 4586 3859
2037 1521 5058 3594
2571 4929 721 2119
3163 5519 3497 3224
1633 4816 957 1197
3417 2417 919 1460
2896 1716 3360 5448
2617 2050 3497 4374
599 1258 5048 2590
1943 2122 4312 1890
3626 3563 1184 2694
2325 1806 3982 4204
4422 1756 208 210
3707 1545 2484 3931
1860 2930 1932 4520
4789 2876 5333 2770
1435 1946 4024 5821
1013 1314 4908 3593
4055 3924 2073 2804
371 661 5103 1889
1966 5305 2299 3384
679 2004 4309 6815
4102 1538 2980 4306
4697 2038 2590 2244
487 541 4519 3338
5200 3481 1823 909
524 338 3125 6390
4036 5023 194 282
2998 1495 5572 2227
2673 3315 2410 4249
644 736 4480 3423
3649 2780 309 113
296 265 5417 3750
815 1097 2846 6398
2843 5809 856 304
3192 5255 3737 4956
1697 3950 3861 3156
4997 2486 2733 6068
357 445 6070 2685
5862 2715 4136 2615
1491 4408 180 87
3369 1739 5243 2326
444 648 4198 2935
1017 1933 5640 2912
3021 5556 4743 2697
1195 790 3346 5327
985 1588 3898 6557
2203 2121 2280 5862
3399 3422 4296 2685
824 455 4100 6481
5985 1998 1256 3093
4399 5580 805 1993
5243 1933 3014 4487
656 449 5993 2373
3563 4595 688 1113
754 993 6546 2682
757 1873 3679 3066
4686 2631 1943 3110
1879 1359 2095 3813
5464 2487 4902 2853
607 322 3642 8752
705 1197 8801 3025
1797 803 5797 3343
427 414 2955 7206
3292 5014 1893 1387
3475 6318 475 908
339 363 8577 2938
2664 1007 2268 3867
4355 3040 669 1347
1163 1725 6719 3765
806 2370 3089 5431
2415 4196 1454 693
1599 1682 1764 4498
3370 3570 5945 2514
3151 2521 2068 954
2764 2261 1524 1306
220 437 7033 3979
379 904 4624 3297
2317 2450 2587 2267
3337 6168 3523 3719
2416 4501 203 92
737 1565 4132 5949
3042 6191 56 60
6168 3498 137 68
3613 2013 3233 2865
3110 1614 3326 5228
2286 1981 6606 2492
2100 2326 2059 3748
835 1739 5109 6277
4498 2485 545 318
1518 3301 2897 4549
1695 2631 3987 3279
3549 3238 240 544
822 2017 5591 2590
2126 4030 3069 4292
728 1001 3054 3468
4721 3147 740 302
1053 1431 7151 2636
1114 375 5240 7025
342 735 5222 2603
1552 1934 4013 3631
2488 4638 649 392
5743 3959 2815 965
937 2702 4697 1999
2167 747 2325 4999
5471 2399 2350 3221
491 591 4536 6034
598 1716 3106 2948
4373 4466 4513 4718
769 448 3397 6657
2797 3463 1197 3067
2123 5776 3348 4764
268 514 5710 4177
2066 2575 4140 1703
3071 5415 1505 2406
2213 1218 4823 3930
1483 1679 4442 1571
887 1403 2857 3418
2356 2700 1256 1665
2426 6451 4099 2545
5441 3134 2857 4395
4335 1539 1072 1099
1749 3285 3690 3241
913 451 6732 4172
307 845 7039 3212
1374 2564 3062 7216
5127 3726 612 1038
795 2363 3924 2954
1778 2404 4522 2193
1032 978 3740 2595
1947 4722 3940 4483
3533 4857 474 740
2612 7317 770 496
1284 775 5008 1903
1880 1532 3599 3245
6787 2327 2182 3312
2251 1648 6055 2588
3174 6136 1994 967
2676 3899 2438 2543
3682 2447 5458 2571
1348 2366 4741 3946
1993 1361 5559 4949
169 375 5217 6232
1060 2436 4411 6211
2889 2307 3809 2433
1981 1870 3447 4444
930 416 3807 3183
5195 3124 3408 4151
677 1745 5583 3503
4118 2526 4290 1803
6131 3584 1912 1842
1435 969 2661 4592
488 592 4391 2737
1236 1319 7517 2624
5367 2127 3453 2719
6712 2508 2858 4656
5652 2586 1949 2637
3101 1395 3169 3499
5230 2842 1716 3292
5865 2247 1373 3618
1217 2716 5867 3324
379 635 4264 2467
1504 3310 5109 2031
4418 1494 332 800
2468 3043 554 862
3399 1254 6324 2837
3656 3098 1546 757
1304 1903 4363 2637
1040 502 4096 5800
3081 2198 515 938
1251 1585 6848 2997
1387 1687 2244 5165
1478 1702 1856 4568
3984 5044 1543 2995
2478 4303 3533 1811
2503 3269 1865 1803
455 909 3544 6652
4821 3720 5297 3802
773 2022 3212 8267
1905 4108 2438 3691
2647 3699 2079 1355
3429 3956 1187 563
6291 3455 4053 3839
1374 2152 7105 2780
5071 1690 2641 3717
3328 3706 2473 6191
2871 2068 4141 1957
1472 823 4942 6347
4469 2009 854 1640
1010 2725 5236 3124
4444 2204 241 463
2614 6761 815 875
2807 6841 2445 1164
3837 2452 554 1393
1063 2366 3891 5483
2338 6889 1025 390
1784 3222 2037 3905
1445 1902 2271 4267
5869 2516 1699 2199
2262 1267 5058 5076
4071 1622 6054 2814
5322 3892 960 458
2007 1987 2636 5531
3105 4298 710 1615
4187 3471 1938 705
2550 2955 1305 2943
1236 1235 4491 5678
3030 1487 5187 3755
1243 1461 7889 3022
2988 2565 5968 3052
421 140 5403 2186
4650 4592 4986 3268
3558 3117 2830 1603
2142 1421 1839 3765
1437 1099 6958 4486
2701 1859 1472 4291
4523 3126 741 2016
1079 2185 4368 6334
2224 6179 6077 2098
3147 3115 2254 4408
660 393 3218 4476
2940 2821 2802 1275
228 587 3700 5059
1847 4091 5941 2798
527 1484 4348 4745
3984 4939 1076 573
1647 3620 1351 896
1056 1935 2101 4230
446 361 6756 6519
597 839 6278 6320
4018 1525 999 1072
2917 6684 2293 841
2457 1865 3997 5311
734 266 7860 4489
1542 1605 3365 7687
305 224 4518 4599
4058 2886 514 174
895 645 6893 3717
752 455 7462 3109
3183 2561 999 1172
4470 2139 1865 4596
1306 3845 178 71
1240 1000 5932 2668
4939 4995 290 185
5180 3339 3196 3771
547 838 2145 5878
4947 4500 2573 4623
926 1449 5147 2551
1767 3144 2277 3014
3596 1730 1113 648
1090 1058 3516 5073
1170 524 5629 2227
1471 608 3621 6064
6611 3305 1554 2843
1277 2862 3636 2500
2137 1564 5589 3877
2259 1310 5496 2401
1615 3094 2514 6833
2515 3434 6221 2890
1937 1530 1938 4257
537 356 6995 3281
1294 2683 4803 2801
5734 2474 3124 2780
6701 3193 2489 5102
2225 2820 823 1790
5930 2382 635 1488
2462 872 3792 3948
2812 6685 5010 3005
1304 2501 4521 5938
417 693 7030 4228
1619 2138 4746 3552
3517 4796 4633 3545
2960 1815 2630 5695
4554 4045 1494 4011
1622 4844 3891 1823
5532 3042 695 272
1796 2535 6013 2394
2756 3419 775 1299
2623 4931 212 562
4900 3929 1031 875
655 985 4929 2379
2804 1381 3537 5448
2804 3092 975 2345
1379 3926 205 323
1107 1875 2994 4984
2928 1008 3408 6345
1077 1930 3577 6359
2106 1125 3240 7557
629 476 5205 6593
716 426 2472 6165
2082 4257 4676 3363
899 1989 2870 7369
2055 948 6635 2608
6873 2576 2999 3736
548 871 2472 7387
660 396 4634 4979
2888 4723 3830 1493
1690 3251 1778 4677
3320 6636 4085 4537
359 483 2903 8354
539 1489 5621 2797
4059 3691 1007 803
1936 978 2270 5957
7307 2565 977 1156
1534 1650 2484 4318
3860 2604 2366 2457
1249 2349 3689 2426
3678 4436 2947 5838
4334 5189 2362 2795
2483 1685 3908 3938
818 492 2730 7037
4812 3695 340 431
2851 1779 3864 4044
1401 2448 3300 5757
3629 3257 5070 2244
345 301 3400 6861
1384 1034 3101 4439
558 274 6654 6628
3062 6085 3654 5281
3159 6168 758 560
6580 2439 482 982
4770 3694 2895 2190
2713 6376 2024 5318
553 327 7608 4951
417 267 7482 3405
2281 4829 2787 6073
588 1421 5575 5436
856 622 4387 6947
4574 3185 3558 1941
3506 3057 1729 1286
817 940 4102 6706
2348 1552 2208 4618
4517 4094 2546 1434
1060 2834 5264 1960
761 389 5813 6423
3908 2573 1943 1626
5125 3354 2370 1967
275 796 5163 5357
2144 3470 862 1481
564 1210 3525 2932
1996 935 5073 1701
1537 1100 5413 6041
999 844 4622 4110
3121 5586 1676 4047
3770 3832 6584 2449
2722 1308 3413 2450
1383 1527 4939 5156
378 909 2863 4173
1342 462 2403 6918
3516 5764 1006 372
630 846 4638 2499
2358 6817 2009 3533
809 553 6856 5101
3244 3009 2328 4214
4606 3183 2096 1068
3835 3787 168 321
2656 4076 3159 2472
5476 2104 4631 2635
4216 1674 1413 1463
638 708 3594 7455
5098 2834 5209 2179
538 938 3542 6250
965 1723 3338 2958
1579 1433 4024 1874
479 837 6591 6126
5407 4110 1200 2468
2164 1411 4919 3889
2007 942 3670 2659
625 939 5028 4866
6022 2586 2699 3046
1310 3221 3607 1733
1798 2026 3119 3230
3620 2453 1541 3656
308 221 6497 6496
5850 3489 1616 2404
2787 4517 2113 5652
326 277 2078 6217
298 267 4656 5748
3769 3974 3007 5732
808 1631 4114 4483
3780 5963 403 859
1602 1808 3400 6713
4315 2862 34 22
4667 3950 1843 3003
4678 1934 2001 1400
4921 3893 1208 1283
1687 1769 2405 4606
801 590 4058 5284
5744 1939 4363 1737
1834 2547 5686 1998
1942 2875 3744 2546
2826 1931 4830 4283
5179 2454 4136 2958
4575 5014 1524 1800
740 1165 4332 3635
969 700 7319 2785
425 141 3341 8351
2521 5079 1234 949
994 1002 2510 4501
2346 5553 2401 6660
1722 3393 2534 2930
5092 2772 4797 2317
2320 3756 2352 1480
1536 1891 3117 3809
976 894 3369 3680
2313 1870 3785 4862
320 216 2414 4883
540 481 3645 3065
1555 1175 4676 2038
2030 884 4170 3643
1886 3494 453 340
1363 3820 3321 3211
2332 5207 1991 2740
2297 3087 4108 1770
1507 1390 4181 3441
1082 1890 3154 5848
2446 1610 2266 4308
416 899 5883 6633
4582 2070 6084 2541
3592 2884 79 105
1310 3444 3279 3986
2406 2428 2892 4137
2046 4832 2312 4362
1405 2651 5989 3931
1983 3182 1355 2689
413 265 8203 4038
2042 4518 4612 2509
994 509 5796 4087
1276 742 1923 5526
607 915 3600 8005
4470 1768 1190 1951
4601 4723 6080 2398
470 1249 3942 5326
6030 3685 2571 3768
2549 1134 3123 4096
2450 2364 2911 5436
2416 1339 5123 2983
4904 3850 6120 2980
3742 2342 2831 5415
6557 3257 1216 3038
1971 817 3352 8042
2612 2988 127 272
1903 3746 2524 3302
450 584 4891 5644
3923 5296 893 2469
1678 3599 4031 3041
4018 1952 2335 5415
1963 815 6111 4062
4717 4818 5743 2818
6254 3525 1176 901
512 212 4671 3542
2326 6636 1261 3627
375 894 4448 5200
3227 1899 2980 1296
3753 1462 3686 2946
992 1143 2909 3442
1816 760 3820 2717
6385 2613 2908 1700
1523 2191 3235 3727
1628 1985 5886 2212
785 1648 3174 6086
3910 3485 4600 3463
3892 2165 4848 1968
3972 4081 1542 4236
597 530 2649 6582
867 1535 4795 7044
1511 744 3776 6187
3595 4440 3536 3263
3231 5621 2880 3758
2358 6888 193 108
4357 5300 5467 3074
1292 1119 5179 2376
1140 2392 3503 2713
4892 3696 1616 4745
3886 1884 5829 2994
2286 1473 5571 3529
5593 3671 1554 1462
1984 4204 3428 5348
312 489 7868 4256
1836 4851 259 297
3288 3050 793 1380
3280 2073 3400 1139
1387 2540 4077 6150
6662 2310 2571 5666
907 2219 3970 6865
2982 4184 1814 2001
765 1855 2661 5839
2008 1553 2953 4920
405 800 6200 2902
1265 2050 4854 4416
4394 4506 793 885
390 546 3740 3326
1439 1241 4186 3240
4007 5396 2359 3130
5105 2257 4477 3451
250 584 7836 2633
1802 4903 1944 3245
2997 4974 1723 970
3656 4684 5057 3541
4119 2659 636 1451
2205 987 3319 6192
2588 1871 1743 3560
4749 2329 885 1679
6299 3662 2956 1215
329 207 5632 5758
2914 5828 1428 2236
1488 2450 4086 1471
2133 2317 2230 4694
3157 4355 620 1706
1170 2631 5786 3204
2832 2400 3032 3855
6408 2363 2011 1471
2919 2564 4591 2317
4152 5176 682 1608
6454 3260 2516 1449
702 1963 3536 5699
5650 4144 1281 1185
340 248 2056 5995
1155 841 3781 6029
2933 1058 2708 6196
6358 3469 86 104
254 362 7333 2800
3607 1480 2537 2270
1241 2847 4094 1702
1188 825 7241 2893
1667 1974 2555 6608
4726 3606 272 538
5059 2043 2020 904
1678 1120 2901 6404
2057 786 2431 7182
1822 835 2902 3389
1067 1245 3790 3921
1349 1292 5060 4200
2991 6834 761 361
462 985 8399 3893
367 372 3380 9874
1579 3468 8 8
1823 2709 3069 2443
977 2248 5604 3163
2398 3249 1355 2620
5283 3091 3849 4463
1619 588 3727 2491
811 1588 8297 3166
6121 3031 2646 3165
3186 6576 3608 4100
4882 4331 382 752
3497 1777 3767 1919
899 2201 5479 3915
910 1298 4490 2156
1318 3166 2390 2765
3894 1846 2839 1396
3292 3703 753 969
2929 5143 3577 2910
1903 4749 2292 4071
4923 3284 3085 3788
739 388 6663 6398
2672 1751 2168 4522
1447 2865 3005 5373
279 658 2144 4872
5078 4885 2974 3292
2127 2657 1326 3761
494 231 4293 3089
2051 4150 261 430
5394 3635 972 1724
623 1327 4551 2186
1983 1795 5872 2169
3037 3830 2681 3101
2759 2027 4473 4877
2869 5530 798 443
1050 469 3481 5740
3546 1852 4516 2113
561 442 4634 8479
905 352 3212 6444
1445 520 5746 5855
2746 4212 2925 4214
4498 1533 1811 5045
851 604 3543 4738
2578 1943 4689 2163
1101 461 6613 2715
6164 3249 5547 3036
3963 3925 2536 1344
468 213 4904 6842
1504 2326 6726 3405
2099 5820 2136 945
469 1052 5448 5845
2478 5060 1870 4738
783 391 7761 2703
1551 2910 2980 4521
971 1983 4813 2997
1118 732 2347 5141
3656 4728 282 122
3263 2703 4577 3471
2270 1372 3576 3550
6105 3768 403 333
4516 2855 1055 1065
848 2373 4517 1627
2916 2684 77 66
2282 2297 5346 3841
4763 3152 3400 2275
1404 3596 1487 1201
5316 4513 1771 1451
566 425 5472 1966
420 1220 4402 4179
2051 1456 4725 1672
1367 2327 2939 6263
3481 5294 1023 1725
2414 4829 57 28
3119 6460 2150 3617
4971 3114 3605 1889
1602 4347 1481 2472
3073 5695 1933 4499
2831 3815 5221 2309
6529 3263 1158 2392
1110 622 4342 8072
5226 4119 4264 1427
1240 2369 4835 3782
370 683 6010 3571
341 231 7720 5426
5019 3990 1520 550
1811 1219 4131 6178
2042 3711 1974 2070
3066 1478 2115 2974
3541 2096 3499 1798
2536 4489 2442 1121
3661 4406 1978 3086
5585 4184 816 1120
629 721 4822 5962
2059 3663 2074 2949
4297 3876 3424 3500
1118 2374 3647 4856
2142 1135 1834 5112
2656 1246 3849 2325
2459 1936 3963 5481
1424 3208 3277 4174
3667 4317 139 163
1597 2226 3746 4181
2007 796 4062 6239
526 844 3498 3268
2431 1551 4717 4692
4393 2601 170 72
2254 4388 5071 3081
6535 2939 1544 1308
639 357 7505 3469
2190 3590 2215 3341
2776 1852 3797 1282
4094 4516 992 752
1515 1863 2731 7628
1489 2686 4058 1702
3124 1357 4019 3613
1920 3583 1392 3041
682 1702 2621 3344
4932 3342 4041 1418
156 372 3971 3855
3177 1291 2488 3020
1742 658 2500 7346
4429 2955 470 374
3324 2555 1968 3192
1215 1145 6305 5165
1544 4160 473 472
3816 1702 1778 1232
1474 1473 4224 5915
596 899 3264 7253
2809 1506 4829 2076
2347 6525 926 2591
1976 4070 131 219
2340 4136 3532 4348
1512 1653 3350 6849
3080 2267 340 609
340 370 7579 4760
1429 1288 3491 5836
4802 2333 4669 3257
514 1276 6345 5323
3649 3827 2935 4526
3797 1473 928 477
3822 2068 4366 3730
3498 1680 936 2239
1700 4039 1730 816
942 1764 2128 3707
3528 6456 1223 1124
5098 4160 1038 2719
2097 2563 3307 4251
889 1019 2277 4411
569 727 2443 5345
584 783 3258 3313
597 633 2553 7326
2774 3359 49 92
1858 3366 906 1511
805 1031 3843 5396
1284 1309 7119 2610
436 1150 6435 4232
643 876 2877 3929
1967 3559 1744 4050
1180 834 2966 3654
597 570 6418 5699
2063 5473 950 623
2819 6324 4936 2524
1991 5500 771 1497
6788 2363 835 2235
3879 2000 2328 4201
2841 3732 797 2103
1091 2772 3924 2563
2873 1145 3580 4971
2530 883 2303 5019
2213 3860 4298 3681
