2000 671
840 432 5772 1933
1972 2785 879 1232
4357 5572 671 475
3301 3925 487 285
1792 2778 951 894
1289 708 3148 1259
4018 4255 819 360
573 1276 876 633
1138 868 1605 718
2467 5331 774 403
3366 2082 775 419
4386 2653 1642 1693
2309 1586 130 240
6574 2789 1990 905
3331 1277 2199 1759
2736 2240 2926 1251
560 398 4414 1493
1676 2558 2629 1742
6987 2952 1664 2454
4918 1696 2619 1140
575 842 1137 868
1681 1334 1243 1628
4742 3095 352 285
1877 4175 941 1002
2036 1256 639 1672
2657 7050 327 286
4281 4123 963 2220
946 949 1296 1417
697 1757 4438 3736
4113 3999 2109 1413
5493 4278 2737 1444
1461 1127 1598 4606
319 862 999 2430
505 790 5476 3262
1705 2385 105 70
4352 2586 584 985
1613 3477 1613 1501
741 1038 2296 6625
3669 3497 872 1018
1187 3334 2516 3842
4367 4333 919 1084
1341 909 3006 1163
2174 3106 252 166
3138 2706 1073 1814
2464 6536 1459 1660
2319 1967 253 261
2958 2122 183 364
1849 3707 1493 1681
3713 2655 2301 1495
562 638 1498 622
1995 866 875 490
521 384 139 250
2649 3545 96 92
4522 5280 908 468
1918 2111 570 234
1283 3253 2022 2043
2353 2835 1033 1119
3815 3789 596 1040
3592 5554 879 2488
1767 1710 1693 4861
430 1040 4152 5092
5019 1733 832 485
1012 1876 701 1462
2557 1217 1308 949
5526 2331 900 730
1795 2053 12 24
2482 3501 1683 922
2408 3465 1154 1908
548 411 97 116
2368 1173 1787 4846
5045 4435 155 217
2699 6122 1473 867
6256 3580 2646 1592
556 491 1959 4345
2951 6482 165 289
1012 1096 161 113
1183 2225 3497 3130
2598 3211 764 1746
1371 2189 628 1384
3929 2339 1513 1132
1300 635 394 909
4049 5831 115 121
7014 2864 1034 1331
3154 5379 1511 2072
2481 1364 1650 556
7208 2419 1514 2264
3955 1994 1981 1497
974 2198 1067 2772
3421 3233 2444 1156
1867 2147 2241 1953
3559 4121 1914 2231
4468 4093 2483 1261
2964 2348 1122 668
3462 2311 1357 695
5307 2052 1527 2042
1501 1475 136 293
924 527 1923 2173
2242 2978 1652 1294
1440 1766 2635 4595
1760 4250 2954 1773
5794 2683 1151 2585
2063 2181 2177 2139
3591 1735 911 1379
2296 1766 1794 1769
2353 1341 9 15
2991 1278 2155 784
1860 2445 508 1126
1675 4856 1742 1077
3094 3555 2223 1339
358 897 714 1829
2371 1374 1255 1320
1794 2617 4117 1882
1633 3226 666 1041
550 293 3385 2264
5219 2253 446 342
3647 5402 1050 754
4911 2317 2868 1079
2685 1336 45 67
3959 4915 443 729
640 409 2306 1508
870 1131 46 68
3347 4880 899 380
996 660 4044 2627
2782 4386 202 254
3831 1574 2104 3233
2608 989 819 2114
3874 2813 1762 1469
2870 1103 4240 2525
1643 1041 1249 2268
2304 3964 1336 1976
957 1390 822 2108
3043 2604 618 361
240 495 1851 3637
2851 6310 7 24
5351 2839 1872 1218
3706 4747 1353 1268
3092 1186 151 309
4087 4931 1537 748
2565 2086 4101 1958
2597 2148 936 1835
3396 1404 512 184
4844 2351 171 160
6435 3415 809 1281
2434 2785 264 437
1733 945 2903 1304
279 465 3054 2363
4072 5024 476 549
1358 3299 2305 2904
1087 2465 1227 2739
1098 2993 783 1237
1453 1898 4705 2560
1841 2295 1974 1211
2363 5642 395 962
2465 1879 841 2202
3932 3516 650 363
1644 607 5230 2802
675 451 4693 1878
2801 2275 392 542
3219 2789 1416 3300
1006 2639 1548 1813
2616 3107 1618 3084
562 207 3018 6045
3784 2109 509 639
2343 2434 2882 1341
3892 1386 817 1786
4057 4041 907 1495
4710 4333 1765 958
1304 661 4040 3101
417 727 2294 1584
450 1104 3839 5031
1254 810 313 201
2283 4791 120 87
2330 2931 1712 2249
6233 3192 274 96
2520 1083 656 1402
1943 4945 2246 1559
3784 5921 1098 1761
2910 3010 3112 1325
3166 2440 646 1698
2872 2324 1568 2774
1018 1424 1870 5552
6334 2321 259 302
2229 4683 23 17
3487 1678 3665 1267
2064 4089 392 147
4923 3163 937 1222
3067 1945 770 1205
3542 4466 698 882
1012 498 1139 2032
543 653 1937 1281
2347 1128 1981 4045
3176 4085 18 54
1459 3301 1043 2621
3266 4188 509 1355
950 2413 2363 930
3505 4501 1633 1804
1165 3363 2780 1243
894 571 2495 4440
647 278 3659 5437
716 1173 3341 2172
1765 4114 368 180
2923 1781 839 513
3861 3631 725 570
860 842 2861 1308
4637 3445 1087 2269
864 1015 1264 1980
1524 3680 1958 2860
1248 1753 1403 1392
1719 635 1513 2534
336 444 1377 3776
5044 4522 1514 2132
1442 2015 581 1455
1548 807 234 384
3555 5980 965 352
1826 4428 591 1305
4258 2972 1622 949
922 1538 1604 950
3547 4090 2164 1851
833 364 3772 2149
2693 4880 685 1105
1937 1987 3390 2147
4972 4185 1986 1378
643 1143 3004 2540
6475 3290 333 453
400 517 1372 2977
1805 669 1731 3384
3394 5021 2530 1070
305 418 869 379
2328 1840 2133 889
3320 5413 660 1891
1576 1758 90 237
3792 5113 2128 1325
1336 3409 1429 4239
2580 1636 1748 2292
5591 4375 147 84
2395 2639 2072 2908
453 280 1664 2183
2315 3730 574 405
4643 1732 266 685
5117 3570 729 1036
4922 3391 1125 1201
1399 1286 1168 2282
3889 5069 1511 2241
2468 6443 493 313
2067 4963 1982 1686
2424 2237 201 431
1321 957 3176 3057
1962 3459 453 150
2210 4358 407 168
2051 1124 1302 2662
963 2868 995 1148
2286 1022 2566 3983
2367 2426 3158 1483
2881 4914 295 590
1084 1288 1802 833
2760 4543 2511 1264
1434 1340 59 23
4807 3406 1128 1251
4251 2882 1717 1569
3555 1900 360 298
2603 1603 2965 1576
1756 3614 2147 1128
2683 4395 140 128
1072 857 3394 1316
4396 2663 704 261
3512 2545 3328 1137
2848 4237 1150 509
2868 3083 1121 1218
3703 2989 1090 916
2043 4633 2142 1048
322 536 2856 4903
2012 793 305 560
4273 4956 705 1127
2743 1040 234 306
1013 1066 1882 2320
2483 3533 919 1680
4228 1575 874 763
817 434 2444 5324
4167 3655 891 1985
2220 4044 404 533
1598 2412 573 846
3928 1602 3272 1644
2681 1315 1192 2435
950 2753 1469 661
1164 503 4455 1746
359 898 2458 5926
203 583 4003 3891
5498 4354 1565 1798
4053 1729 3279 1728
6299 3348 817 2061
1586 3097 1448 556
1193 2476 87 122
1390 4152 1556 2085
876 1103 4135 2617
4219 2821 544 670
1780 3341 746 1642
797 768 2850 1680
344 412 635 424
1986 4502 273 579
3886 2076 1434 2918
1362 696 2212 916
6054 2725 1019 1368
1500 1393 1294 3391
1294 3370 2512 1393
2057 1011 445 291
3424 5235 2091 1786
773 576 834 313
1027 860 3150 2612
3174 4140 1995 1983
1490 2117 1551 3506
1217 892 5380 2199
6260 3165 1766 1556
1683 1253 2918 3706
2015 1224 3091 2127
5870 1972 1593 552
458 1272 1328 3046
1342 3072 86 107
1765 625 2862 3900
820 309 1805 3569
1815 4723 2122 1226
990 2567 1669 4555
5124 2824 614 1252
2395 6637 276 804
359 902 688 1041
1189 1030 1731 2255
713 2110 1917 5283
1406 3660 2382 1188
524 330 2947 2158
3551 2987 1004 2513
2603 4135 1035 966
2428 2946 1868 2924
2130 1002 3471 2048
339 347 5061 3406
4533 3932 1878 1561
742 810 3946 3969
4872 3629 2545 1257
4073 4921 367 769
1019 740 4358 2199
1348 3297 1562 684
5059 3224 701 916
2727 6235 829 1470
2137 1460 2627 1443
5610 1925 333 267
4993 3887 825 1778
5177 1933 848 2312
4115 3019 634 353
372 512 4429 3059
3898 5012 1384 1379
3531 2171 385 140
414 1009 535 924
867 308 28 72
3626 3646 2284 1250
3853 1738 1514 2655
5198 4317 1788 1389
2465 3100 3231 1371
4337 4891 2281 1435
3586 1400 554 1272
1527 1211 1805 1666
5346 3797 508 325
1981 1906 1860 852
3175 5625 352 172
2390 3927 2596 1128
891 1080 504 520
2589 6433 1254 1358
3047 5814 806 864
5037 2393 223 233
1232 492 4688 3457
1060 416 5799 3092
1119 1648 211 223
3859 1542 3301 2166
1144 1932 3372 2930
3340 3726 1227 624
5138 4012 1579 946
2076 3828 496 932
4030 5008 1618 1488
352 634 1172 1042
5249 3166 752 260
3154 5303 436 893
3161 1307 796 1611
914 558 2159 2751
873 1904 1799 4533
2549 3541 357 959
4137 2032 831 973
2520 3291 645 1893
3578 3212 1965 932
2790 5836 708 719
3405 2098 580 1147
2250 1471 1065 2376
5593 3905 982 2192
2098 4179 1624 1261
443 337 4471 3034
1465 4154 2430 2001
3556 5626 460 785
1923 1939 3390 3425
4009 5519 397 1128
1559 3876 433 462
756 488 5847 2829
6647 2643 328 282
1063 1993 527 1366
1117 2682 2718 1210
5407 3032 2148 986
1859 1784 4168 3067
1940 705 2467 4405
2517 4699 2133 1486
1699 2708 2947 1650
4165 4427 213 461
3947 5626 2138 824
2333 955 3725 1496
2471 4977 2144 1482
2718 2176 1143 2130
2246 3453 1621 914
3804 1828 3001 1868
1021 989 1713 1516
587 994 5563 2537
1433 769 3320 2789
2691 1804 699 562
1556 3918 1316 1870
1421 1437 168 56
754 572 1962 772
1395 533 1658 1719
1593 2134 3274 1478
2267 2935 1161 3323
5100 4815 158 156
573 1633 1663 1431
1396 1268 1496 1866
5929 2916 109 82
1996 1071 323 629
325 473 2011 5895
473 558 801 1561
1183 552 5352 3377
3270 6140 794 1296
1333 1795 768 1850
2263 4238 67 31
3610 1992 311 452
3961 4554 153 301
1111 2576 632 342
1079 644 2698 2737
1313 903 3964 4016
811 717 1500 2396
1060 614 1877 1822
4953 2137 199 357
635 643 2045 3501
3109 3313 791 448
3345 2592 30 16
1727 4354 1485 2469
2531 5518 983 659
3813 4139 1340 647
2538 852 61 36
3480 2050 803 769
2174 4245 876 1315
4253 2375 772 440
2156 2987 1224 2849
1449 3655 3329 1442
6324 3154 1002 1544
2854 5429 241 355
2989 1432 796 372
3171 5467 163 279
3889 5464 1378 1340
4230 4915 677 266
1883 681 498 203
4333 3022 179 457
399 492 2980 5642
4735 3828 507 808
4379 4143 202 449
2542 6598 1195 3017
4450 3166 1760 1022
5432 2652 1261 2246
3961 5914 1428 1022
2894 3936 1920 1933
786 561 4450 2578
456 1346 57 115
1717 1081 5686 2388
4563 2830 276 649
4744 4123 16 29
1079 1143 1590 4233
3612 5052 1333 2329
3784 2723 234 527
1382 1702 3570 1939
876 1192 1784 2263
3182 3556 385 613
1794 1167 7 18
2989 2548 989 1268
4929 2866 644 305
1194 2661 2077 3425
1417 1749 559 309
561 482 2798 2114
2843 4595 2037 1293
2225 5686 704 1357
1928 5652 2715 1210
2084 4400 1722 2255
698 2061 2056 1817
5386 4476 1314 1839
4420 4529 956 1159
964 1811 1357 731
3551 4163 1175 860
2573 3745 993 2231
2921 4799 1263 1670
4069 5901 561 823
4073 1498 386 897
854 693 448 591
6313 2696 2081 736
6295 2512 1417 1900
5662 2271 1124 2913
3387 3526 2445 1469
6477 2665 1708 2460
2854 1363 4365 2107
2922 3060 1379 1460
6722 2991 727 1196
761 1821 544 189
3508 6467 1374 1289
2510 3552 1532 2090
3149 6370 420 1073
1550 1339 83 235
1100 506 3601 5290
4757 5069 1648 2278
5559 4162 495 1417
1442 638 3597 2478
2777 2595 591 464
1285 489 3800 1540
4874 4045 1184 934
911 381 2724 3088
551 1465 2993 5382
441 439 2916 5792
3615 3232 1943 1512
3101 2035 1236 508
3321 4906 1075 895
2479 861 2176 3702
2660 1849 1027 572
1412 1833 2266 2877
1819 4841 494 175
1424 821 77 193
1488 1277 3118 4465
4532 3247 410 245
1820 3386 2807 1001
6401 3090 164 80
4054 4659 2492 975
3741 1919 1458 1297
2211 2577 2228 3295
4079 4811 1391 2435
446 585 3066 3990
688 1511 2781 4060
4718 2445 1141 508
3970 5114 365 223
5436 4558 974 2060
749 706 701 1904
1771 2217 3107 2866
1374 465 2715 1016
1949 1784 3002 2025
1962 2342 1049 710
2114 3067 2394 3299
4453 2735 1429 811
3146 4795 432 684
1635 3856 1133 1365
2580 1019 2253 2662
2962 4131 2604 1621
4299 2763 700 587
3906 5933 2601 1154
2141 1257 3664 1966
4836 3679 708 424
5806 2899 909 1223
2042 2101 731 943
6164 2136 2170 1263
2803 1830 1146 3278
625 1759 1148 2425
3009 1359 1710 3227
1848 5154 2451 1745
1343 607 1089 3046
1111 2400 1243 840
601 392 2199 5952
3542 1612 2534 3100
4337 2730 554 866
3457 1630 1859 783
1783 1456 794 1248
1682 2714 2420 1107
1149 1655 667 778
2245 5255 2069 734
2157 1211 1744 3677
2734 1240 1292 760
2296 6615 2276 1303
1665 1592 2398 2569
2267 772 3082 1947
3765 1300 629 361
379 1139 25 29
4703 1657 1888 1859
2765 4100 570 243
916 1514 331 270
3258 5740 1332 813
4292 4767 1364 1862
939 402 2953 6506
2055 2459 2703 1030
4982 3871 2477 1077
4351 1929 1481 1209
1504 2532 3816 2721
6657 2454 1362 1370
332 827 347 225
2381 863 1981 3605
5804 2975 950 341
3792 2588 1390 1612
1576 1291 1258 495
895 2597 529 1430
4056 1760 1913 962
1278 2564 3756 2004
2328 1917 2403 1256
3378 6159 794 1282
1503 1333 860 628
2319 960 1013 1261
5847 3927 1032 3082
2301 6174 248 426
343 928 2061 5402
889 387 1848 5462
4650 3508 332 914
4544 2433 2256 1678
3793 6168 1405 2778
4345 4476 229 353
4099 2470 2277 1191
669 592 4333 4227
1536 3769 1666 1023
4311 5091 1307 1828
827 2073 3718 1584
5999 2294 1514 765
2368 5232 950 712
4637 3034 345 456
1385 1696 1606 3803
3858 2067 2319 1921
2961 3403 1093 3046
3268 4192 242 564
3400 2100 27 8
1169 968 6515 2178
1047 1071 1219 628
5995 2285 618 1540
947 1025 572 682
1353 1539 2557 2815
2717 5101 1848 1520
1246 1309 971 2609
608 779 5106 1848
4421 1913 112 324
2917 5123 568 1234
2131 1692 3100 1214
2473 5355 412 933
314 917 1404 2218
3020 6857 573 1324
3529 4756 1460 2726
974 1192 1686 1538
958 706 2259 1851
793 302 4315 1695
3305 3794 624 1384
2051 3596 326 145
2046 790 2717 5036
1628 1667 1117 551
3922 5052 191 170
2747 6943 219 191
902 2584 84 242
996 848 599 1528
345 723 3115 3944
1854 2500 1368 548
260 718 5469 3276
3847 1998 2719 1006
2665 3999 1762 1172
3694 1757 343 323
5084 2793 1290 1523
2969 4049 1537 2120
3968 4729 304 118
5256 3671 437 467
2649 2777 2517 2167
1819 2954 966 755
4059 5583 436 981
2375 3977 2000 2112
2902 1360 94 58
4096 4852 817 2204
5897 2555 155 255
3592 4812 1697 807
2970 1801 162 76
1609 546 2297 3577
4422 2924 701 1560
2646 3971 174 114
2386 4197 1988 1313
577 1386 1237 1027
3696 6137 1251 1608
3404 2958 2401 1493
519 1040 1919 2486
5086 3194 200 214
3613 6088 359 1075
1734 4040 1121 2524
1445 1567 1385 1675
788 1647 2313 3881
688 371 1197 402
3017 3376 1134 1664
2190 3071 1406 3328
2310 5224 1825 1580
4329 5189 2213 1112
3943 4896 677 1774
1784 1545 1258 1690
1741 3793 1824 850
761 1108 1359 3466
958 1193 778 1103
2195 1466 3762 2606
2654 2217 2584 1644
6415 2438 1238 573
1278 692 64 77
2837 6750 2001 1108
1135 3126 2358 2712
2152 930 2602 1931
3406 2851 2587 1455
369 817 1286 3426
3946 2700 49 57
3792 5525 1177 486
1709 2000 846 939
2582 3400 329 926
2062 2594 2376 2750
3265 1449 1207 3547
2891 4122 234 104
3867 1361 3496 2018
1453 3464 1425 1256
839 2037 2671 5281
5351 3683 739 480
5235 2895 721 631
1240 2507 353 757
7281 2540 1013 1886
3164 3280 140 79
5123 1865 789 1704
2343 6607 867 903
2548 5756 21 52
342 360 1199 1879
1366 2840 1156 466
2365 4910 979 874
5820 2987 391 183
2085 1467 2039 3863
4703 4391 1341 1855
2844 6080 2895 1045
5357 1958 1816 723
6543 2701 2262 858
2518 4105 554 1233
3400 4902 716 1740
945 1980 3516 1892
4622 5040 897 575
2755 5127 1891 2200
4361 4913 989 350
1250 423 1060 2157
6415 2249 1138 1525
5948 3120 364 935
3405 2979 98 199
3976 4122 1207 2544
4322 1814 868 1190
2239 5852 1269 1571
4465 4712 929 2155
2185 3691 427 204
2470 2087 625 669
3683 2247 82 157
3244 5702 389 233
3499 1199 1946 1871
2427 5755 148 201
6720 2653 864 1193
1675 972 2424 5564
3441 5502 842 750
1707 4577 368 379
1483 2011 18 56
1924 2754 2754 1177
1923 2193 1876 780
1010 1417 2372 2717
1533 1774 1155 2420
1793 1567 353 888
800 795 1865 2102
2320 1284 1524 1216
2181 1589 2091 2027
2606 1010 1919 5222
1802 964 1550 563
2964 4404 1178 2745
1012 1738 923 917
927 1716 1217 740
668 585 377 925
673 1092 3506 1219
1958 3201 1233 705
3198 2444 1821 1478
2512 957 2892 3714
259 471 1783 2400
743 948 1650 2187
1557 769 5169 2700
1499 888 2156 3404
2224 2836 1513 757
3530 4705 666 1210
2378 6628 2399 1439
2940 6800 103 175
4176 1854 1629 1129
1002 1704 1566 1011
3100 1810 1749 1850
3283 2597 490 798
4372 4559 1723 1454
1170 935 1085 376
1539 1615 2312 2154
4682 1578 1160 1836
782 705 3094 1957
1353 2229 3045 2314
2700 1950 3616 2597
3213 1439 928 2551
2459 2171 443 860
3825 2529 238 173
1684 3753 241 93
2778 6560 725 449
630 596 3381 2682
925 991 1878 3763
1978 1606 1620 1394
381 709 1643 784
1863 3754 994 1459
2416 2856 3100 1917
2370 3539 360 469
5140 1985 1238 2066
4667 2242 490 1072
695 1258 1277 2656
1669 3943 2862 1222
5865 2842 41 44
779 381 758 257
2583 4385 1495 914
1419 2141 824 431
4258 1603 401 256
2976 1052 2537 2194
5168 3138 626 1408
1705 607 253 382
1504 1427 329 154
2183 2824 69 133
4118 1505 1393 1305
4186 1404 111 143
2910 1233 3982 2424
5714 4192 209 424
5386 4270 460 660
1944 1564 2660 4632
1545 1109 3458 2379
1694 1542 2909 3550
2180 1328 631 780
1896 3520 800 819
3986 2951 2551 1326
5756 3296 1512 554
3258 1441 3278 1412
4554 3838 1835 1008
1984 4805 1619 1160
5299 3676 403 199
4493 4974 57 65
4728 4750 1436 1014
406 790 1538 1868
3274 4814 1163 1307
576 989 3650 5592
2928 3197 986 437
1819 4283 1655 1844
1298 2742 1346 992
713 414 2681 4690
543 1004 3343 1386
2529 1826 1407 2294
1831 794 1334 595
1953 5239 2067 982
442 324 802 1867
6679 2286 370 128
890 515 2466 4019
1883 4146 1269 2380
2027 3966 1600 1495
3013 3932 511 625
6527 2950 891 508
1602 731 2557 1993
710 324 2760 3575
2140 2797 1141 1000
3469 3017 792 2084
1198 1025 75 41
3528 4919 478 387
2640 5861 2052 847
2408 2645 1667 2286
3445 2524 880 431
1976 684 3043 4712
1321 2021 615 252
280 834 2356 3241
525 1208 3446 1305
1360 1480 1808 1427
2465 6624 1358 1809
6557 2504 609 356
3131 6060 1015 1521
499 740 1958 1945
1408 1362 290 736
2315 2223 2541 1973
1461 2702 487 1310
4161 4124 1191 2907
2338 4755 1083 2333
2821 2658 3000 1219
7081 2916 153 102
3080 4668 894 943
5036 2327 862 1311
593 550 3889 5682
2235 2448 3947 2030
1686 2338 178 119
3600 1441 1037 2192
2202 5876 1354 1281
3614 2607 1095 1151
4059 3577 2259 1551
3036 2117 1724 1929
1114 2640 2268 927
2553 926 3270 2826
4443 2846 152 244
550 747 3966 3006
1923 2527 1473 3679
2594 4731 715 347
1354 1081 4974 1658
2932 5972 70 82
3709 1339 2121 2995
880 2057 1475 3333
5593 3409 150 254
2252 3480 1471 2212
2619 4456 1059 496
5497 2443 1560 862
2413 3545 220 168
4155 5821 1449 798
1261 1419 2277 2113
1668 1111 2057 5763
913 2302 1414 3983
482 241 1430 4194
3916 5002 94 193
2025 1658 640 1532
1363 759 1178 1865
846 684 141 150
1268 1388 994 1470
3239 3174 1190 1431
874 1044 6191 2394
697 998 2699 4220
2986 2338 1861 1261
2985 1545 812 328
674 1030 927 351
838 795 2952 1309
2686 3822 2944 1340
2916 1229 965 1877
3133 3844 1877 1460
2976 3528 1430 2622
1931 5077 438 286
5547 4443 1447 2099
2336 1554 2882 2214
5191 2093 437 927
4397 5595 2377 1726
2559 1684 2049 1091
1919 1688 374 746
1867 1790 2645 2339
1482 1403 2283 3932
4826 2922 16 32
2755 4541 996 1736
6136 2180 1292 511
2387 2681 213 461
1984 1425 5471 1848
1439 1056 2913 1693
2295 4806 292 469
736 463 121 208
3735 1910 443 427
4156 4767 633 527
568 231 2918 1512
786 1173 530 212
4336 2973 1526 2351
1991 4171 1864 1380
3703 5909 2010 686
2203 2303 1878 3817
570 195 1730 1477
6763 2461 2229 1563
1674 2661 1510 1031
2948 4163 2572 1615
5299 2882 269 680
4701 2927 1459 1202
1449 3123 1122 886
3651 3609 1410 1432
2891 1077 2107 3665
1380 1312 740 2172
2664 3452 3273 1188
1109 2282 647 977
3460 4876 657 1632
2639 1480 1067 920
959 1561 3667 3586
6296 2965 101 180
5505 2613 136 300
2553 1407 291 553
2885 2321 1280 2212
1044 847 564 1073
2543 3990 692 1062
5069 1787 796 1284
1425 2689 2478 1980
3605 5182 272 364
1457 1675 576 701
465 264 5687 4007
3020 3432 2151 1574
3422 3452 1619 1704
2999 2857 1865 1459
1962 1402 1815 1352
381 426 2776 1073
2571 5109 1533 1228
1779 1697 2415 1932
3694 3472 1095 2832
3812 1660 2756 1450
582 1145 607 1504
3482 6204 815 548
1201 1232 1295 2871
1210 413 1585 2513
1642 3219 165 123
4435 5460 925 1701
1215 2282 2189 1165
3614 6364 593 1414
4492 5420 291 167
2880 7083 237 159
1278 920 924 557
246 457 3253 3107
1413 3452 4012 1639
2683 4924 120 98
3005 3820 2290 1316
2143 4270 130 291
999 491 2903 3202
3756 1724 2394 2380
1560 2867 983 1526
4494 4484 1127 2742
575 1516 1747 1707
780 445 702 805
5588 2206 775 448
2475 6399 1566 1046
2158 1501 1677 1714
3303 3656 1315 1779
4091 5433 1963 1700
2513 7159 51 52
1632 843 4329 2849
612 798 3999 3335
1815 1161 1888 823
3283 4393 353 521
1306 797 502 1180
4479 1660 702 1860
1161 2265 50 21
6321 2849 1908 2069
2442 5199 311 345
2140 1438 2247 1117
4452 3900 624 398
5881 2973 942 1340
2813 6811 605 926
436 648 4898 2315
737 336 404 975
3851 5597 614 250
4886 1733 253 543
2191 2955 1076 1076
2251 5399 610 991
3877 5995 1637 1688
4782 2326 1764 949
711 1577 653 528
2402 2469 912 942
2239 4153 2647 1215
2567 2139 1122 2929
2967 1393 1465 4218
630 470 987 347
3508 2074 1300 1962
4876 2583 822 1145
2277 3890 1410 597
2123 1131 2622 1837
3663 5561 1689 1366
4133 2567 1197 2729
2805 4570 443 288
4165 1683 2151 1547
2324 1384 682 1603
3617 1295 2212 3029
3332 2363 386 254
5380 2425 46 98
2355 3149 57 105
4099 2422 2609 1594
3884 5600 852 2551
4134 3724 1374 1225
1793 1258 2810 4671
1473 505 126 97
1597 1813 914 1836
4436 2563 2070 1838
3638 1482 574 724
4367 1861 860 498
1481 1738 546 530
2418 4967 2288 1133
2051 5654 5 3
890 1931 1209 986
506 524 4954 2824
2729 1894 1064 665
1225 983 1710 747
977 1416 632 224
3459 2178 1199 2641
2457 1261 2496 1094
3230 4694 1650 742
4350 3398 200 565
3492 1268 1702 2047
2775 985 2588 3016
6617 3371 344 573
691 1723 1678 4735
3451 4575 306 644
363 308 6029 2517
6177 3185 1162 1585
664 598 5480 3069
3926 3134 655 1482
3788 2663 727 323
6847 2560 263 251
804 973 1937 2034
1030 2003 866 589
1562 2692 1963 1142
4316 1827 144 395
1942 4100 610 1179
3541 1439 124 155
828 1071 659 1915
2592 2045 2565 3256
4809 2577 1993 1715
2574 3718 260 728
2140 1085 2405 4646
4705 2721 457 470
1180 3248 368 432
1355 3038 609 1060
2457 1558 1754 883
428 625 3919 3975
999 712 2583 4568
1189 754 126 167
4027 5186 2586 883
2573 1175 2350 3463
2120 1062 664 1213
1036 1553 12 25
3872 5289 679 1137
5472 4327 405 246
5145 2232 1516 2044
1229 1691 298 630
946 1425 1734 585
4181 2436 2053 1653
1798 5083 539 1093
4404 1597 258 97
6611 3171 1510 1589
2030 1367 3413 2833
4663 2158 880 2605
1500 1700 782 563
4446 4833 396 447
1171 3145 548 741
3852 3689 1431 1382
1807 4387 2251 1857
2252 1170 1270 978
2636 1661 1555 1480
1799 2911 957 561
5165 3069 1818 2026
4789 4410 1049 1335
4601 2274 489 448
525 1220 934 743
2033 1697 2439 885
686 347 4035 2724
1264 3390 2350 2429
2352 1514 4145 1549
5162 1821 1249 606
4906 4466 1295 431
2055 6099 1852 1263
2674 1130 3786 1329
2444 3804 834 290
1417 831 1330 3226
3294 2369 192 114
3312 4735 562 1016
1753 3550 1593 1356
2384 6348 867 2270
1187 2434 3745 1641
994 1282 5704 2912
2898 2087 849 1259
947 924 3074 5911
5279 2877 1171 1368
5593 2837 2658 1574
4273 1518 539 271
4629 3960 381 993
1454 3074 2759 1331
3103 2219 2191 2411
751 773 256 185
4325 3533 2106 1446
501 554 1531 1000
3403 2418 1685 3095
3296 2773 199 347
2694 1196 2206 1219
4930 2684 1041 2032
3386 5284 337 637
4169 2776 1979 1223
4980 1706 1061 1678
1712 2241 2772 2957
333 766 2011 3567
3482 2636 426 785
2357 927 2720 4092
2472 6078 993 717
523 722 3658 5220
607 968 87 69
2306 1598 951 1415
1938 3226 1088 3072
1705 4106 2649 2159
779 874 2112 2940
4286 1909 1234 1565
4690 2352 705 1446
693 748 4787 3203
5714 2797 1187 595
4478 5486 82 29
4209 1705 1701 715
3645 3147 807 2236
1030 1731 1939 2863
3737 3407 1315 941
2351 2989 396 677
1151 593 4920 2497
2401 3704 768 478
1251 3436 1472 4188
1313 2808 1870 2487
2520 6913 674 614
2657 1259 3522 1505
1516 557 915 857
2321 964 1953 3395
4585 5145 571 1103
1208 2549 2206 4471
2527 4794 1333 2754
3175 2600 2447 1534
399 612 582 1468
5461 3259 1273 699
825 379 2650 2574
3431 3635 1408 1602
4409 1528 1754 1185
441 935 557 556
1437 2198 4359 1661
2953 1419 2767 1414
4658 2919 818 1518
1403 3328 1278 2865
1279 464 2678 2225
1376 2130 2125 1810
1400 1133 273 289
2391 1180 613 641
1832 1493 1195 1754
5927 4040 726 2038
2903 2785 59 135
906 2160 2794 3151
1708 2440 3210 1509
275 429 2156 1309
3579 2373 1002 658
2298 2247 3604 2724
5485 3555 238 105
536 707 1487 4065
698 276 7117 2661
1056 445 3761 1462
3124 6200 2341 1742
2179 3782 1305 2166
1952 4041 2474 1389
2616 4084 677 1155
2727 5686 628 1005
2834 2053 1791 3312
1043 2625 1580 680
2787 5901 16 40
5016 4429 452 376
2809 1817 797 2203
3710 1313 1849 1404
2616 1370 2726 1136
2484 2775 332 172
623 429 5373 2150
4288 3769 381 340
953 334 5050 2366
2311 4322 861 2476
1539 1036 1994 3517
1875 3271 1704 3269
1744 1451 3039 1637
4986 4808 280 236
4060 4605 613 1513
2458 1864 1466 1755
2602 1287 521 542
1521 1666 4150 1872
1037 1010 442 801
2922 4971 2402 1120
1731 1825 65 60
915 1007 4985 3981
4317 3264 382 270
5423 4263 155 95
972 968 3017 5791
2519 2229 935 939
6638 3085 176 101
2748 1590 1480 2139
2390 1568 1390 1696
1993 2968 1502 1681
5418 2036 1064 361
4933 2114 10 6
844 560 4044 1524
6937 2492 1412 2190
2154 2557 651 307
3328 2169 1443 1001
4461 4800 1629 2470
2618 3884 193 205
1733 4302 1255 667
2008 2829 2661 2158
5824 2995 725 967
3056 1215 2342 3007
1852 3346 3444 1860
2816 4023 607 1569
3322 4405 1337 880
3085 2340 1903 2570
3883 3695 160 262
4628 3330 1325 1637
2557 1110 1449 1040
3111 1368 874 518
1376 1696 1648 1737
1390 947 3628 3778
1466 1506 4977 2237
4197 2058 435 1090
4672 5315 984 432
5455 2477 132 330
908 2135 1482 1665
3152 6637 1263 2715
2406 1919 3019 3420
1325 3574 599 1600
1363 1614 476 383
6459 2315 1084 2518
3306 1226 1682 577
1175 819 1341 2828
5276 1979 1952 1294
2955 2318 1232 454
1244 3292 3750 2032
6456 3355 1355 2812
5440 3204 540 1100
889 1865 923 873
3543 3289 130 158
3571 3322 737 2003
1247 596 1650 4798
2166 4620 252 580
4829 3155 2805 944
1315 2801 1614 3213
3224 6490 394 1085
2476 2319 1463 2391
4528 3771 1472 1326
362 372 3658 4005
2778 1025 1973 1739
1729 4255 1503 505
3988 3319 476 366
5030 2346 1047 1289
879 1667 4070 1562
5000 2412 1746 2017
1464 2672 2819 2382
1444 2967 421 1084
4864 2997 822 745
1162 2295 908 1499
3509 6081 294 772
898 1005 311 201
346 811 1904 3024
672 300 535 539
4371 3793 1201 2003
4269 2058 1646 1812
4615 2137 312 198
542 187 4644 3035
3214 3426 476 266
1718 1557 5161 1744
2825 1250 417 1044
740 401 4503 1572
2561 6236 1104 2157
759 881 1179 400
5203 4122 1878 1065
1363 1599 1942 3086
1343 2507 294 291
2434 1435 1421 1787
2033 3532 879 1943
3965 6031 231 242
1632 898 2287 4018
4382 4921 265 442
2235 3385 1847 941
4652 3581 1118 1367
751 882 165 233
6010 2215 1979 1014
2414 1702 978 1882
1861 4464 334 237
6168 2660 1690 854
1020 892 676 613
1468 4311 1025 837
936 1183 1514 683
3026 4935 1036 749
5116 4768 876 2418
2013 3069 1507 1249
3534 2924 501 1493
896 960 760 2227
2522 1994 804 2178
2758 1916 1693 1458
901 406 4075 2557
1602 2168 1053 1013
2328 5379 1641 1313
2842 1144 2881 1762
2389 1187 4240 2654
2843 3557 2884 987
5159 1928 1398 2107
3588 1226 220 662
3271 6140 3 3
1652 4004 2547 1926
6169 3566 1551 1692
1788 1253 1961 3758
3771 5928 479 305
1438 881 5139 2222
2486 4050 1215 2763
3807 1621 885 2627
4769 3879 2500 1470
3963 4745 918 2658
1855 4921 1901 722
1691 3046 405 690
3812 1913 1662 2053
3447 1305 2973 2552
2437 2304 1474 3140
2345 1437 1624 1635
5659 4216 2873 1238
859 2570 1262 821
1864 783 1469 2973
4831 3923 641 450
1424 1153 3349 3871
2761 6608 2118 1009
3778 2738 2656 1465
1552 668 1193 1511
1448 2177 3318 1856
2746 5065 1812 747
4146 1626 3374 1657
2403 4760 1974 2069
2151 2726 2707 2032
4861 1876 52 44
706 1656 635 470
2923 5696 1183 1412
5024 3165 690 990
1762 1750 1701 3131
751 563 2610 3443
1219 754 2952 3507
1695 677 2307 4722
2513 4491 2375 853
2868 1204 3280 1488
2437 857 3997 2718
5075 2247 513 621
4020 1804 624 510
1795 3278 682 1156
5256 2199 1048 1084
2140 1377 192 540
2170 1232 133 158
250 441 128 73
2107 6171 1311 1567
3676 3625 210 515
5193 2594 646 550
565 682 1374 2578
6460 2836 644 1465
5430 1858 6 6
4248 5615 1128 2770
6759 2987 806 681
881 2162 1909 1926
757 625 1024 885
1571 1131 1079 1694
1707 3638 410 227
1790 1857 2710 1078
4587 2168 963 576
1291 2731 2669 2375
828 2152 3545 1270
4668 3540 1097 527
1967 3248 231 393
844 2130 1711 912
3674 2935 430 651
2726 4921 485 403
4597 2008 580 673
2000 4149 1906 875
3198 6008 314 437
1103 542 197 179
1584 3300 896 2113
567 1023 4208 3324
675 268 2092 3019
1154 2597 1238 1643
4749 3350 257 280
2731 5662 884 687
3487 5137 1591 1848
2900 4574 1256 2037
3809 2093 215 417
3681 2732 1475 2040
3847 4080 1235 1936
1650 4076 380 239
2372 1858 1549 2447
549 400 4969 4137
2017 2938 1863 3093
2405 6702 855 2240
1256 2352 286 153
1201 1657 1053 2101
1614 1395 357 376
3638 2825 1034 443
4588 3124 1405 785
2279 6677 2007 940
1530 2067 611 1004
2183 1609 2062 993
2327 5723 1966 1467
2195 6130 1257 1183
2871 2197 1096 2344
2700 6692 2524 1073
2186 1013 2319 1142
1721 2032 1246 3683
3245 1273 2472 1332
3051 2988 326 974
5274 2330 1997 1086
4904 4630 1904 694
4082 3966 1056 1973
1096 1201 4431 2730
6045 2676 1533 1757
1269 1667 4557 3357
273 682 1926 2460
6601 2301 2333 966
6256 2873 880 1037
5988 3189 291 747
2967 5663 897 2603
5363 3599 1769 958
3118 2335 2536 1563
2496 3137 1527 1726
2737 1558 3531 2241
1985 3985 978 1933
647 827 2245 5382
1349 3015 677 1654
1922 3339 2969 1029
2879 1001 585 672
747 1254 164 234
824 812 2861 3308
2667 2718 734 2112
5228 3900 712 1175
1328 738 1214 1484
583 748 277 517
1008 1189 924 2216
3215 5854 252 125
1003 2215 3511 4043
1792 884 455 601
2725 1959 2529 999
2498 6469 1459 1429
5075 2902 958 1972
2344 1492 2477 999
251 433 3732 1569
1475 899 2471 1765
3749 3933 1223 2575
3801 4974 2687 1057
5095 4493 894 1272
4157 1840 3143 1747
1394 3913 3034 1489
209 473 1564 3260
1417 1447 138 133
3035 2703 282 601
1436 4111 202 165
599 1537 1336 2709
5790 2937 497 1456
1417 488 1721 3763
2818 3732 1220 2280
1371 1243 2866 2703
2435 6654 1415 2826
1216 1125 3237 3025
1168 1728 1266 1716
2201 2032 1342 1143
2237 1063 1614 2541
6868 2971 595 590
3162 1414 2543 1165
1488 2405 852 1960
1658 2005 2202 4363
6219 3710 1782 2123
6865 2734 301 359
4785 1625 85 78
3272 2029 1446 1178
1767 2043 776 1104
2718 4226 250 174
4268 2940 1377 1983
874 881 3900 2908
1601 585 3548 4774
4570 1932 863 398
898 1504 380 314
2852 1804 1201 3606
891 753 761 315
4032 3266 1009 2887
350 688 1334 816
399 442 440 560
5816 3271 1426 2515
1969 2769 1909 1762
2088 4177 1202 1480
3894 5324 1420 531
942 761 1053 2131
1737 4533 1121 548
1735 4096 130 314
537 1261 1401 466
1458 3743 1720 809
1263 3095 1445 1478
3076 5447 1437 1761
3063 5095 1776 1968
1785 928 2067 3677
5934 3744 308 213
3410 1370 2710 1046
1403 872 5338 1887
2278 2648 2997 2525
3972 1532 1039 2110
1594 946 3287 1757
1056 435 301 468
678 882 703 1458
553 1024 601 437
2236 1819 43 126
815 1783 578 1152
1791 3411 2508 3082
1269 1017 1877 1206
3093 3483 2168 1433
2188 863 232 513
905 2715 483 266
461 817 1762 3419
4410 4443 150 156
1638 1352 638 871
3792 5203 607 1497
2877 1357 554 701
3795 5861 515 630
3511 1720 2504 2044
3310 4344 605 718
1925 4578 606 218
2551 1255 82 44
1864 3718 453 873
4284 1614 349 359
2073 1208 423 583
346 408 313 252
2441 2038 778 351
624 500 3151 5244
809 1429 1632 3537
347 491 1244 1302
3725 4065 1726 1820
4065 3067 1117 885
1899 1896 1122 377
806 395 3402 3465
4747 2025 649 1797
3452 2381 532 349
895 313 1645 3438
1311 2847 2958 1189
4733 3763 519 540
1182 2724 2080 2117
4363 3158 1206 458
2043 1202 2875 2252
525 532 1880 4389
3129 6399 136 361
4311 1797 570 802
3246 5036 266 754
1197 718 4250 2164
3476 5870 607 730
4458 4243 1615 857
2911 3610 677 1793
1768 3375 1501 2353
321 445 3611 3519
486 296 5767 4152
1280 3530 2713 2575
3567 2522 643 1630
694 1522 2130 1292
3199 1707 3065 2756
4246 3718 2024 2055
3862 1476 953 1844
4428 1967 433 272
5659 2994 2082 850
2147 2391 1155 951
1590 1499 5514 2002
947 1448 214 285
1636 4705 195 233
3431 2077 137 121
1765 957 999 2332
2629 1058 388 856
5147 3446 2197 1847
1343 3219 673 286
5736 4136 655 392
5294 2499 2534 1173
6819 2640 124 94
2569 2513 556 362
3487 3861 1189 607
3792 5417 2937 1132
2752 1876 892 1562
1985 2470 2771 1596
4198 2390 1071 2001
393 463 2841 1858
4015 4649 780 267
771 748 4988 3737
2457 5979 309 268
773 619 2794 6042
2399 5133 1155 1506
3018 2474 1423 1023
2160 2068 485 310
5611 2650 1344 975
839 406 2902 3795
442 607 2010 2577
1070 580 2421 1718
2401 2901 202 246
2653 2143 1542 4108
4410 2412 284 306
4526 4628 591 1062
1784 3768 515 1471
1653 1168 1509 2813
4508 3493 2019 1471
2953 1849 1143 1245
839 452 4434 4058
5191 4381 1018 696
2359 3281 2066 2641
2685 3569 763 533
2453 5999 2592 1019
3352 1448 1112 1038
265 709 1492 662
790 330 573 991
427 871 1706 3394
1355 3954 1125 584
4008 2242 1319 2376
1057 788 2849 2864
2899 3084 2039 1286
1874 1640 802 1828
1309 3662 2861 1321
3151 1096 4352 1621
3205 3113 255 134
589 578 2596 5109
4217 5559 1055 491
1428 767 2729 4927
1907 3005 506 348
5880 2870 1219 913
3776 1705 49 111
2822 3034 993 2079
4726 4820 860 1147
5203 4733 785 556
5345 2292 1773 1899
489 570 4792 1748
6202 2822 856 1527
4927 2290 1397 706
4765 1994 1632 1014
1604 732 1006 1616
3319 3403 764 260
1413 3315 1864 669
1580 2286 3053 3515
2249 819 666 1028
6209 3127 821 2093
983 767 802 345
2105 5137 332 545
2468 4162 645 1361
2421 1313 1972 2221
3890 1595 324 828
3599 4099 1596 1548
753 1059 266 394
4911 4982 160 69
3286 6254 140 135
4302 3549 314 362
5373 3747 2717 952
3830 4104 2076 1541
6051 3914 818 2155
337 882 2908 4204
3035 2898 1227 893
2710 1020 428 822
3948 3940 516 1102
641 811 3102 3031
1615 1892 1414 817
730 1745 3426 3079
5617 2248 262 321
2510 4692 2679 1081
567 261 2353 6376
4724 1984 1635 1484
194 580 3601 6281
6555 3057 490 1279
812 1504 501 1047
1799 990 2215 1569
1011 1676 530 1507
4790 2290 83 248
1653 901 4938 1714
2136 2880 205 298
1107 3030 435 650
3261 2756 1841 2267
4495 3862 1310 1903
2710 2567 1939 1078
4166 4352 1238 1673
880 943 1444 1942
2614 4822 1704 1750
959 952 3068 5668
5175 1764 1938 2010
1256 1757 2649 1546
4268 2098 889 2525
662 367 1992 1627
449 1134 175 288
931 2743 2315 2088
3915 3007 1091 795
978 1426 603 820
1333 2737 1320 2983
4589 1621 606 613
1723 4248 62 39
2556 3783 2799 1180
3565 2395 1723 1537
6048 2734 704 1389
1874 4808 2880 1272
2445 3976 10 9
2737 6903 1087 2743
3692 1945 1146 1238
2103 3172 1251 1090
1138 3407 1085 1436
1943 1477 351 148
6141 2338 2743 1431
2001 1838 3001 1598
1173 903 170 109
3476 2642 2920 1157
1260 2842 1273 1177
2172 3231 2250 1607
2489 2146 2531 3086
2242 3763 62 133
4599 2525 205 565
3333 1356 2615 1285
4517 2434 182 396
694 907 1089 1757
4205 2590 906 379
251 540 966 518
2157 3981 726 1057
2589 5928 1190 504
1004 942 1615 905
3842 5104 288 96
3445 3150 668 508
4437 3141 750 529
2783 5718 542 1348
2703 6074 314 143
754 391 295 442
2081 1474 93 257
644 376 418 808
1889 3619 1134 746
4456 3854 468 339
1869 1959 1919 2109
3047 1370 1276 465
1151 395 107 69
3087 1249 1970 2002
1786 3843 2656 1349
519 201 2119 1855
2739 6592 420 1020
946 2699 995 1002
856 1360 473 244
2994 2888 708 1427
570 1521 883 1751
3962 5707 2082 1453
3893 2204 1717 1055
636 733 1762 4084
5671 3813 2581 1436
259 566 2947 3671
2531 1814 1270 1446
5118 3023 1582 2463
2938 2019 291 370
1959 3164 971 1392
1872 1240 3348 3856
2752 3691 1187 2319
1185 2575 809 1401
1401 4176 1669 1639
2389 1966 4171 2012
973 1123 1640 2518
2406 1110 4853 2102
1735 1097 2360 2510
1885 4630 1241 2940
1402 3023 1453 3205
272 421 1322 627
1756 4111 1361 2974
2133 1458 316 856
1712 2098 3588 1294
730 642 828 2236
4754 4978 1816 843
413 772 194 508
3413 1707 473 1014
1247 783 1978 3756
3743 4300 2724 1233
4332 5356 1365 1903
1040 2597 98 173
5525 2555 1226 2598
1432 521 2912 4932
4459 2550 1664 608
499 786 4421 4398
2956 5077 1613 2319
2446 5825 1582 1302
1368 1870 3672 1432
2113 2927 696 727
4824 3253 640 409
1588 1149 4835 2231
2045 3119 500 502
5193 3664 1126 1329
3349 2056 2656 1763
6145 2223 232 601
2077 5391 986 2129
3409 1482 1697 3569
1315 932 1087 3195
1993 4075 1238 659
5433 2390 619 812
6529 3257 1017 2717
240 572 1048 2353
3741 5149 856 1369
5350 2851 2304 1788
1182 1532 2769 5358
4533 2999 596 1381
3752 3653 820 873
1478 2530 1956 4803
3501 2334 948 401
662 945 4507 2068
738 567 251 412
3226 1091 2153 2156
5304 3955 405 206
662 707 3240 5206
2302 4666 676 569
3735 6129 180 153
1179 1533 2260 2629
2611 7298 1445 733
3419 1847 3321 1902
656 1083 3502 3710
2342 3950 36 43
4237 2323 1756 2542
1911 3857 394 283
1766 761 308 617
1499 739 2841 1874
1408 1543 2024 3067
1640 836 1916 1202
841 548 1046 2665
4785 5091 629 1583
4310 4522 865 1318
1855 1566 1690 2256
2546 1704 1313 978
3170 2061 2643 1348
4023 4503 288 126
2270 932 2600 1493
242 603 3160 1490
970 1335 5646 2463
2995 3297 1341 1092
921 1661 2009 2066
1693 2660 1275 1458
740 1894 1701 1016
6422 2977 1206 2112
4311 3815 749 859
3275 2889 1114 1837
3079 5763 338 849
754 2064 2118 1754
4058 5109 134 70
4130 1456 540 1607
3227 3178 956 2734
1045 2836 91 197
875 312 5178 4257
4327 3977 524 1044
4696 3794 1029 875
2108 3852 1049 1204
5458 2733 724 696
1853 2818 3402 2541
1232 701 2454 2381
3780 2199 3305 1169
4501 3451 1012 1451
3527 5895 980 660
1938 4217 2640 1748
3370 1564 1223 1059
1384 3231 520 1344
1681 1947 2314 1643
3535 1320 1219 2259
3278 1323 148 53
2758 1126 1766 4345
739 1442 1973 5881
1726 662 3386 3416
695 948 5570 3367
4490 3364 2967 1057
1659 1397 2609 1897
3555 1801 2622 2366
3225 4136 2076 851
965 667 1905 4459
1105 1240 3136 4798
2881 5776 101 132
5674 1971 610 1762
1409 677 2369 1001
3820 1534 158 97
903 1304 2639 1821
2466 1519 2656 3908
928 1173 994 452
2164 3732 3197 1690
980 2766 1354 954
5644 3397 24 13
414 469 2640 6144
1105 1751 4734 3159
888 964 9 21
2944 2430 2271 2941
933 2480 2409 4802
2477 4069 3110 1089
511 188 2236 5716
744 1181 4124 2073
3031 2449 374 447
1612 832 3755 3743
1567 891 4147 2195
2248 2946 487 1439
2134 2690 637 792
3060 2470 3706 1253
3322 1761 640 752
3365 6488 121 134
426 518 638 407
4643 2229 1126 1527
506 676 4207 1840
1892 2079 4182 2446
3351 5350 21 48
3759 2739 220 94
1069 3087 473 281
5503 3466 1693 1132
4711 5109 313 591
2468 1680 2231 4250
522 732 3158 4722
1307 3889 2053 1017
2086 1254 4530 1912
1898 4220 1705 1873
649 1343 2289 6059
801 629 4044 1980
1557 3792 1279 2856
2445 1725 367 1088
3483 3597 704 777
3106 1340 109 88
605 645 1516 537
1587 1922 1178 444
1517 1366 1843 785
2765 4249 1124 708
480 514 2031 1662
1847 3820 222 365
618 1714 4682 3445
5386 3374 411 794
1385 818 1665 730
1147 663 686 414
1365 1568 2083 1226
590 1405 2753 2712
2475 1571 1339 1916
1134 1251 2707 2933
1242 1233 531 319
2596 5162 1548 1926
1498 3588 744 2037
2189 5621 405 400
1969 4418 2719 1775
2290 764 2034 2202
3397 1814 182 517
1615 793 1991 3258
1132 1597 2077 1703
2180 1608 3310 1799
3645 1279 1872 1625
2325 4132 142 186
3457 2567 828 2208
1138 1988 2021 2880
800 922 3798 4570
