30 7
528 733
611 676
873 636
937 410
431 621
47 257
784 127
382 392
189 759
208 75
57 302
538 912
367 90
647 136
951 148
996 132
695 237
615 452
197 613
503 272
212 156
87 626
695 781
2 49
713 95
448 15
830 537
481 114
561 440
345 215
1
1
280 241
154 522
463 726
871 745
870 639
734 835
959 65
233 507
581 509
824 590
169 933
295 681
748 116
941 295
167 214
519 198
182 484
505 547
648 394
823 580
355 250
226 624
43 775
572 572
896 423
495 985
870 752
134 878
133 757
198 356
583 440
976 68
563 158
356 181
963 799
373 334
569 499
355 908
786 139
558 856
816 610
971 964
854 283
466 606
69 327
727 564
472 344
689 744
238 31
140 728
683 211
220 335
246 713
662 371
913 686
602 684
165 377
89 155
869 986
325 721
129 635
729 498
551 345
803 809
945 439
290 559
461 110
94 739
360 773
473 746
787 772
961 160
979 765
192 135
920 852
358 641
374 214
916 975
513 859
100 531
969 298
799 489
178 649
900 393
353 902
802 359
501 536
974 123
727 945
195 403
914 242
15 612
282 403
534 981
905 317
574 401
832 298
586 595
561 406
953 622
14 269
501 603
691 139
20 838
916 168
737 88
734 646
314 220
178 627
306 463
872 501
375 331
631 23
307 224
949 464
955 192
918 64
902 99
946 625
883 502
533 73
510 157
356 628
945 938
933 874
508 911
223 768
339 807
353 636
628 135
815 968
996 749
872 192
897 841
498 495
865 760
136 76
405 245
994 605
366 557
677 603
487 48
566 870
314 450
701 359
13 480
199 549
152 505
469 655
951 850
467 335
964 78
769 724
597 174
497 249
554 52
853 917
816 386
743 20
355 730
735 359
975 700
1
0
