181 1
84 208
191 320
763 235
629 874
577 537
643 539
520 256
92 371
782 287
896 814
793 411
915 413
366 9
473 235
344 720
971 72
544 840
338 458
529 233
559 834
10 958
181 865
1000 44
593 741
866 718
572 135
506 52
88 862
410 679
950 233
191 17
765 975
190 943
202 319
130 771
869 436
576 340
478 166
39 49
887 43
50 755
645 832
234 911
539 693
303 179
125 931
542 850
503 762
125 242
629 568
499 460
868 913
613 154
669 116
713 822
654 754
384 52
801 613
386 674
85 970
376 908
4 304
626 259
935 876
423 326
754 658
592 155
926 255
210 941
59 735
481 504
49 851
352 874
24 193
432 772
758 192
877 706
384 298
917 491
892 117
467 478
300 128
787 366
48 349
430 17
560 425
865 840
94 588
947 361
544 805
82 277
536 394
786 471
571 939
991 901
560 286
142 939
223 622
430 796
289 867
14 601
85 856
999 136
784 937
909 691
726 24
877 117
628 856
949 856
741 203
244 729
932 922
228 399
622 644
15 984
387 697
313 903
245 827
124 949
492 778
888 185
344 503
736 834
644 259
282 218
386 966
449 308
740 884
156 344
855 471
534 286
365 875
145 896
993 143
985 187
446 194
309 841
188 700
271 202
326 608
375 230
377 121
614 833
452 647
244 334
476 563
900 897
451 942
883 86
305 127
465 907
35 797
150 735
45 195
625 698
184 86
571 593
750 690
779 865
823 953
771 102
936 828
436 778
948 944
747 366
150 124
782 722
908 925
809 633
949 806
218 292
872 241
742 290
450 956
928 94
479 897
420 378
494 54
868 1000
172 851
363 996
