146 2
985 74
601 785
686 927
454 714
362 938
597 620
909 786
850 379
321 97
92 811
887 27
986 654
183 796
107 493
398 434
691 450
670 479
313 636
996 160
270 203
237 274
287 964
206 340
784 316
350 31
302 607
897 920
877 377
469 759
740 567
345 351
217 470
960 516
78 61
344 296
150 686
690 807
848 334
601 575
453 486
629 979
992 102
327 279
326 335
59 513
328 676
918 217
136 583
678 262
183 319
411 843
275 750
438 161
620 32
993 858
270 29
898 694
899 599
451 872
214 838
850 926
703 375
24 729
14 264
616 694
911 397
358 852
803 485
325 358
276 103
125 706
182 50
801 475
846 450
92 131
61 982
396 272
130 578
247 712
341 83
129 909
835 986
748 270
678 136
628 562
855 125
77 308
179 730
485 969
646 887
603 415
938 411
139 982
56 136
960 314
321 998
129 992
344 561
1000 964
843 420
59 129
504 580
675 520
891 399
763 715
494 581
130 95
46 349
180 833
962 475
762 682
69 179
710 166
48 229
652 593
103 476
239 260
865 559
651 972
588 849
640 777
338 224
827 492
104 126
746 333
199 72
334 544
364 486
13 955
560 680
104 194
955 226
617 633
666 412
878 488
40 685
670 879
698 636
559 163
271 61
599 270
834 419
111 389
987 8
935 114
925 175
