124 998244353
788 149
248 503
283 936
955 796
360 71
764 422
206 721
927 329
28 186
72 719
403 104
536 473
355 221
42 781
274 844
392 645
687 697
841 211
278 600
106 162
584 720
583 549
53 141
37 110
861 828
624 668
946 595
653 447
109 765
602 700
796 434
254 827
655 765
490 522
465 79
315 169
358 639
788 786
110 90
326 185
926 989
676 568
636 141
294 871
84 124
402 640
981 295
314 536
776 563
112 23
299 787
176 274
928 221
4 810
576 931
343 569
675 921
112 482
717 77
764 227
746 249
395 154
317 151
631 386
599 256
619 259
115 98
942 622
558 233
94 743
251 894
250 404
18 371
964 12
356 348
4 500
996 310
196 275
258 715
599 688
744 238
56 689
179 494
600 398
223 779
966 102
368 319
194 704
593 960
490 549
328 119
270 125
59 194
348 574
345 635
792 54
98 801
855 86
104 132
75 661
586 203
882 530
575 676
344 326
354 20
979 483
335 656
919 348
497 623
326 610
965 719
728 983
494 987
213 600
705 232
119 908
28 449
34 590
944 560
53 719
180 911
186 583
831 993
204 563
